0.001 3734.32904425
0.0110045022511 329.844603457
0.0210090045023 152.554639873
0.0310135067534 84.189525936
0.0410180090045 52.7307935036
0.0510225112556 35.4009469246
0.0610270135068 24.908285306
0.0710315157579 18.2268418861
0.081036018009 13.7090326342
0.0910405202601 10.6055123166
0.101045022511 8.36577184126
0.111049524762 6.74816501896
0.121054027014 5.52450150314
0.131058529265 4.60630816868
0.141063031516 3.88467992897
0.151067533767 3.32576416795
0.161072036018 2.87188547941
0.171076538269 2.51063948356
0.18108104052 2.20882315485
0.191085542771 1.96288156546
0.201090045023 1.75231005701
0.211094547274 1.57723194655
0.221099049525 1.42419930255
0.231103551776 1.29478869264
0.241108054027 1.1797140425
0.251112556278 1.0810273438
0.261117058529 0.992030263363
0.27112156078 0.914823805737
0.281126063032 0.844396536697
0.291130565283 0.782722146136
0.301135067534 0.725936131566
0.311139569785 0.675822797777
0.321144072036 0.629326875441
0.331148574287 0.588032604117
0.341153076538 0.549474349631
0.351157578789 0.51504749774
0.361162081041 0.482728079671
0.371166583292 0.453741898049
0.381171085543 0.426403695983
0.391175587794 0.401790668664
0.401180090045 0.378482565048
0.411184592296 0.357427892006
0.421189094547 0.337417295097
0.431193596798 0.319288409486
0.44119809905 0.302002174525
0.451202601301 0.286300821818
0.461207103552 0.271284531553
0.471211605803 0.257613357884
0.481216108054 0.244502577529
0.491220610305 0.232541293554
0.501225112556 0.221040835422
0.511229614807 0.210528857821
0.521234117059 0.200397532938
0.53123861931 0.191121110679
0.541243121561 0.182160323413
0.551247623812 0.173942836083
0.561252126063 0.165987925445
0.571256628314 0.158682469127
0.581261130565 0.151596049327
0.591265632816 0.145079701086
0.601270135068 0.138746481193
0.611274637319 0.132915814464
0.62127913957 0.127238528242
0.631283641821 0.122006073203
0.641288144072 0.116902252867
0.651292646323 0.112193679288
0.661297148574 0.107593078009
0.671301650825 0.103344936349
0.681306153077 0.0991874544456
0.691310655328 0.09534535234
0.701315157579 0.0915793579807
0.71131965983 0.0880964791539
0.721324162081 0.0846774404955
0.731328664332 0.0815133349875
0.741333166583 0.0784026999212
0.751337668834 0.0755222907486
0.761342171086 0.072686564774
0.771346673337 0.0700593283057
0.781351175588 0.0674693118797
0.791355677839 0.0650685984312
0.80136018009 0.0626987533779
0.811364682341 0.0605012215823
0.821369184592 0.0583291424818
0.831373686843 0.05631428643
0.841378189095 0.0543202578041
0.851382691346 0.0524700101773
0.861387193597 0.0506366341066
0.871391695848 0.0489350318269
0.881396198099 0.0472469136344
0.89140070035 0.0456798151606
0.901405202601 0.0441232971586
0.911409704852 0.0426781426139
0.921414207104 0.0412410777889
0.931418709355 0.0399066847453
0.941423211606 0.0385782437522
0.951427713857 0.037344632805
0.961432216108 0.0361151388413
0.971436718359 0.0349733841594
0.98144122061 0.0338341712536
0.991445722861 0.0327762721413
1.00145022511 0.0317195631731
1.01145472736 0.030738333363
1.02145922961 0.0297571347622
1.03146373187 0.0288461067209
1.04146823412 0.0279341173107
1.05147273637 0.0270874592932
1.06147723862 0.0262389911632
1.07148174087 0.0254514351247
1.08148624312 0.0246613447661
1.09149074537 0.0239281235497
1.10149524762 0.0231917517682
1.11149974987 0.0225085442363
1.12150425213 0.0218216635962
1.13150875438 0.0211845465856
1.14151325663 0.02054331533
1.15151775888 0.0199487214828
1.16152226113 0.0193496430395
1.17152676338 0.0187943237074
1.18153126563 0.0182342110232
1.19153576788 0.0177152035631
1.20154027014 0.0171911476228
1.21154477239 0.0167057465015
1.22154927464 0.0162150884831
1.23155377689 0.0157608196956
1.24155827914 0.0153011262904
1.25156278139 0.0148757246664
1.26156728364 0.0144447661623
1.27157178589 0.0140461551958
1.28157628814 0.0136418859768
1.2915807904 0.0132681598643
1.30158529265 0.0128887010288
1.3115897949 0.012538108646
1.32159429715 0.0121817324846
1.3315987994 0.0118526630671
1.34160330165 0.0115177791783
1.3516078039 0.0112087495029
1.36161230615 0.0108938923528
1.3716168084 0.0106035352439
1.38162131066 0.0103073530013
1.39162581291 0.0100344070084
1.40163031516 0.00975565150966
1.41163481741 0.00949895162329
1.42163931966 0.00923646933766
1.43164382191 0.0089949386257
1.44164832416 0.00874766251116
1.45165282641 0.00852030457418
1.46165732866 0.00828724672401
1.47166183092 0.00807313887962
1.48166633317 0.00785338387474
1.49167083542 0.0076516709922
1.50167533767 0.007444369883
1.51167983992 0.00725425879877
1.52168434217 0.0070586236501
1.53168884442 0.006879378103
1.54169334667 0.00669467704319
1.55169784892 0.00652561307532
1.56170235118 0.00635116579731
1.57170685343 0.00619164757278
1.58171135568 0.00602682124113
1.59171585793 0.0058762572402
1.60172036018 0.00572046276327
1.61172486243 0.00557830231443
1.62172936468 0.00543099094514
1.63173386693 0.00529672106145
1.64173836918 0.00515738129445
1.65174287144 0.00503052378455
1.66174737369 0.00489867852105
1.67175187594 0.00477878734813
1.68175637819 0.00465399130239
1.69176088044 0.00454065016753
1.70176538269 0.00442248749234
1.71176988494 0.0043153076209
1.72177438719 0.00420338973126
1.73177888944 0.00410200784339
1.7417833917 0.00399597142007
1.75178789395 0.00390004786826
1.7617923962 0.00379955302475
1.77179689845 0.00370877008314
1.7818014007 0.0036134986809
1.79180590295 0.00352755897266
1.8018104052 0.00343721307164
1.81181490745 0.00335583812198
1.8218194097 0.00327013855403
1.83182391196 0.00319306745772
1.84182841421 0.00311175251234
1.85183291646 0.0030387407057
1.86183741871 0.00296156491808
1.87184192096 0.00289238304631
1.88184642321 0.00281911607906
1.89185092546 0.00275354895074
1.90185542771 0.00268397456102
1.91185992996 0.0026218201824
1.92186443222 0.00255573526745
1.93186893447 0.00249680394962
1.94187343672 0.00243401766397
1.95187793897 0.002378131197
1.96188244122 0.00231846413541
1.97188694347 0.00226545502386
1.98189144572 0.00220873846462
1.99189594797 0.00215844921927
2.00190045023 0.00210452442293
2.01190495248 0.00205680690427
2.02190945473 0.00200552446322
2.03191395698 0.00196023927255
2.04191845923 0.00191145850748
2.05192296148 0.00186847442166
2.06192746373 0.00182206282114
2.07193196598 0.0017812562677
2.08193646823 0.00173708896742
2.09194097049 0.00169834353676
2.10194547274 0.00165630283541
2.11194997499 0.0016195088272
2.12195447724 0.00157948373615
2.13195897949 0.00154453773735
2.14196348174 0.00150642356144
2.15196798399 0.00147322805344
2.16197248624 0.00143692600058
2.17197698849 0.00140538899333
2.18198149075 0.00137080581078
2.191985993 0.00134084050177
2.20199049525 0.00130788813693
2.2119949975 0.00127941259328
2.22199949975 0.0012480078774
2.232004002 0.00122094473922
2.24200850425 0.00119100909211
2.2520130065 0.00116528529568
2.26201750875 0.00113674445001
2.27202201101 0.00111229096926
2.28202651326 0.00108507471303
2.29203101551 0.00106182631802
2.30203551776 0.00103586825381
2.31204002001 0.00101376328491
2.32204452226 0.000989000604807
2.33204902451 0.000967980761641
2.34205352676 0.000944354036614
2.35205802901 0.000924364180499
2.36206253127 0.0009018171633
2.37206703352 0.00088280513237
2.38207153577 0.000861284572979
2.39207603802 0.000843201009074
2.40208054027 0.000822656481786
2.41208504252 0.00080545466826
2.42208954477 0.000785838409669
2.43209404702 0.000769474119409
2.44209854927 0.000750740876454
2.45210305153 0.000735172229344
2.46210755378 0.000717279116854
2.47211205603 0.000702466446164
2.48211655828 0.000685372813139
2.49212106053 0.000671278540066
2.50212556278 0.000654945844166
2.51213006503 0.000641534360128
2.52213456728 0.000625926049816
2.53213906953 0.000613163605896
2.54214357179 0.000598245009729
2.55214807404 0.000586099612833
2.56215257629 0.000571837835404
2.57215707854 0.000560279150682
2.58216158079 0.000546642974823
2.59216608304 0.000535642233923
2.60217058529 0.000522602028706
2.61217508754 0.000512131943525
2.62217958979 0.000499659577734
2.63218409205 0.000489694259258
2.6421885943 0.000477763019955
2.65219309655 0.0004682779019
2.6621975988 0.000456862417755
2.67220210105 0.000447834184705
2.6822066033 0.000436910353813
2.69221110555 0.000428316873518
2.7022156078 0.00041786179539
2.71222011006 0.000409682055024
2.72222461231 0.000399673966501
2.73222911456 0.000391888012609
2.74223361681 0.000382306227463
2.75223811906 0.000374895109328
2.76224262131 0.000365719961316
2.77224712356 0.000358665677617
2.78225162581 0.000349878466762
2.79225612806 0.000343163915217
2.80226063032 0.000334746857139
2.81226513257 0.000328355787048
2.82226963482 0.000320291965131
2.83227413707 0.000314208932578
2.84227863932 0.000306482252842
2.85228314157 0.000300692578405
2.86228764382 0.000293287726864
2.87229214607 0.000287777455716
2.88229664832 0.000280679858136
2.89230115058 0.000275435722334
2.90230565283 0.000268631506191
2.91231015508 0.000263640889084
2.92231465733 0.000257116847629
2.93231915958 0.000252367750213
2.94232366183 0.000246111308488
2.95232816408 0.000241592317621
2.96233266633 0.000235591500355
2.97233716858 0.000231291758701
2.98234167084 0.00022553515992
2.99234617309 0.000221444337536
3.00235067534 0.000215921091844
3.01235517759 0.000212029359319
3.02235967984 0.000206729114701
3.03236418209 0.000203027117722
3.04236868434 0.000197940009809
3.05237318659 0.000194418845118
3.06237768884 0.000189535472861
3.0723821911 0.000186186665497
3.08238669335 0.000181498068081
3.0923911956 0.000178313549836
3.10239569785 0.000173811184848
3.1124002001 0.00017078327386
3.12240470235 0.000166458996616
3.1324092046 0.000163580378061
3.14241370685 0.000159426421991
3.1524182091 0.000156690129791
3.16242271136 0.000152699087879
3.17242721361 0.000150098487357
3.18243171586 0.00014626329454
3.19243621811 0.000143792065997
3.20244072036 0.00014010598246
3.21244522261 0.000137758105624
3.22244972486 0.000134214700999
3.23245422711 0.000131984440247
3.24245872936 0.000128577578586
3.25246323162 0.000126459468973
3.26246773387 0.000123183294522
3.27247223612 0.000121172128505
3.28247673837 0.000118021052193
3.29248124062 0.000116111867045
3.30248574287 0.000113080553679
3.31249024512 0.000111268619566
3.32249474737 0.000108351975632
3.33249924962 0.000106632784279
3.34250375188 0.000103825946437
3.35250825413 0.000102195200373
3.36251275638 9.94935244574e-05
3.37251725863 9.79471268324e-05
3.38252176088 9.53461774559e-05
3.39252626313 9.38802223469e-05
3.40253076538 9.13757630029e-05
3.41253526763 8.99865262198e-05
3.42253976988 8.75745098919e-05
3.43254427214 8.6258440254e-05
3.44254877439 8.3935000481e-05
3.45255327664 8.2688711523e-05
3.46255777889 8.04501539208e-05
3.47256228114 7.92704160046e-05
3.48256678339 7.71132102071e-05
3.49257128564 7.59969430669e-05
3.50257578789 7.39177150471e-05
3.51258029015 7.28619806548e-05
3.5225847924 7.08575054519e-05
3.53258929465 6.98595012713e-05
3.5425937969 6.7926696055e-05
3.55259829915 6.69837486175e-05
3.5626028014 6.51196660927e-05
3.57260730365 6.42292248957e-05
3.5826118059 6.24310470414e-05
3.59261630815 6.15906787401e-05
3.60262081041 5.98557108395e-05
3.61262531266 5.9063093732e-05
3.62262981491 5.73887587064e-05
3.63263431716 5.66416774867e-05
3.64263881941 5.50255104862e-05
3.65264332166 5.43218512463e-05
3.66264782391 5.27614945128e-05
3.67265232616 5.20992400086e-05
3.68265682841 5.05924379965e-05
3.69266133067 4.99696631094e-05
3.70266583292 4.85142577988e-05
3.71267033517 4.79291252576e-05
3.72267483742 4.65230517489e-05
3.73267933967 4.59738080214e-05
3.74268384192 4.46150903011e-05
3.75268834417 4.41000617202e-05
3.76269284642 4.27868086377e-05
3.77269734867 4.23043976836e-05
3.78270185093 4.10347991186e-05
3.79270635318 4.05834808975e-05
3.80271085543 3.93558041192e-05
3.81271535768 3.89341230017e-05
3.82271985993 3.77467091791e-05
3.83272436218 3.73532756031e-05
3.84272886443 3.62045365043e-05
3.85273336668 3.58380239299e-05
3.86273786893 3.47264387519e-05
3.87274237119 3.43855807644e-05
3.88274687344 3.33096931339e-05
3.89275137569 3.29932806831e-05
3.90275587794 3.19516957784e-05
3.91276038019 3.16585745392e-05
3.92276488244 3.06499563622e-05
3.93276938469 3.03790242338e-05
3.94277388694 2.94020929973e-05
3.95277838919 2.91522977162e-05
3.96278289145 2.82058273551e-05
3.9727873937 2.79761642117e-05
3.98279189595 2.70589800194e-05
3.9927963982 2.6848489701e-05
4.00280090045 2.59594660572e-05
4.0128054027 2.57672325733e-05
4.02280990495 2.49052907892e-05
4.0328144072 2.47304394964e-05
4.04281890945 2.38945457626e-05
4.05282341171 2.37362414957e-05
4.06282791396 2.29254049051e-05
4.07283241621 2.27828501847e-05
4.08283691846 2.19961208689e-05
4.09284142071 2.18685541878e-05
4.10284592296 2.11050215237e-05
4.11285042521 2.09917157294e-05
4.12285492746 2.02505066272e-05
4.13285942971 2.01507673583e-05
4.14286393197 1.94310446417e-05
4.15286843422 1.93442088565e-05
4.16287293647 1.86451696941e-05
4.17287743872 1.85706042557e-05
4.18288194097 1.78914786959e-05
4.19288644322 1.78285790182e-05
4.20289094547 1.71686285426e-05
4.21289544772 1.71168173194e-05
4.22289994997 1.64753335129e-05
4.23290445223 1.64340594757e-05
4.24290895448 1.58103627146e-05
4.25291345673 1.57790994872e-05
4.26291795898 1.51725377268e-05
4.27292246123 1.51507826767e-05
4.28292696348 1.45607302437e-05
4.29293146573 1.45480034465e-05
4.30293596798 1.39738599282e-05
4.31294047024 1.39697031327e-05
4.32294497249 1.34108923016e-05
4.33294947474 1.34148679738e-05
4.34295397699 1.28708367453e-05
4.35295847924 1.28825271324e-05
4.36296298149 1.23527445915e-05
4.37296748374 1.237175084e-05
4.38297198599 1.18557073051e-05
4.39297648824 1.18816486229e-05
4.4029809905 1.13788547339e-05
4.41298549275 1.14113675807e-05
4.422989995 1.09213534527e-05
4.43299449725 1.09600907738e-05
4.4429989995 1.04824051727e-05
4.45300350175 1.05270356618e-05
4.463008004 1.00612452149e-05
4.47301250625 1.0111452615e-05
4.4830170085 9.65714106584e-06
4.49302151076 9.71262350069e-06
4.50302601301 9.26939099534e-06
4.51303051526 9.32986033067e-06
4.52303501751 8.89732271938e-06
4.53303951976 8.96250395437e-06
4.54304402201 8.54029215234e-06
4.55304852426 8.60992282684e-06
4.56305302651 8.19768217263e-06
4.57305752876 8.27151182469e-06
4.58306203102 7.86890148349e-06
4.59306653327 7.94669111139e-06
4.60307103552 7.55338350787e-06
4.61307553777 7.63490505796e-06
4.62308004002 7.2505853209e-06
4.63308454227 7.33562120644e-06
4.64308904452 6.9599866409e-06
4.65309354677 7.04832928017e-06
4.66309804902 6.68108887664e-06
4.67310255128 6.77254024573e-06
4.68310705353 6.41341418162e-06
4.69311155578 6.50778539808e-06
4.70311605803 6.15650459482e-06
4.71312056028 6.25361550057e-06
4.72312506253 5.90992117245e-06
4.73312956478 6.00959996398e-06
4.74313406703 5.67324319403e-06
4.75313856928 5.77532603743e-06
4.76314307154 5.44606738862e-06
4.77314757379 5.55039808531e-06
4.78315207604 5.22800719261e-06
4.79315657829 5.33443681898e-06
4.80316108054 5.01869204297e-06
4.81316558279 5.12707864514e-06
4.82317008504 4.81776669832e-06
4.83317458729 4.92797497878e-06
4.84317908954 4.62489060308e-06
4.8531835918 4.73679163473e-06
4.86318809405 4.43973725396e-06
4.8731925963 4.55320817485e-06
4.88319709855 4.26199361121e-06
4.8932016008 4.37691738245e-06
4.90320610305 4.09135953696e-06
4.9132106053 4.20762467531e-06
4.92321510755 3.92754725638e-06
4.9332196098 4.04504758338e-06
4.94322411206 3.77028082469e-06
4.95322861431 3.88891523903e-06
4.96323311656 3.6192956456e-06
4.97323761881 3.73896789541e-06
4.98324212106 3.47433798792e-06
4.99324662331 3.59495645399e-06
5.00325112556 3.33516452212e-06
5.01325562781 3.45664202059e-06
5.02326013007 3.2015419083e-06
5.03326463232 3.3237954813e-06
5.04326913457 3.07324635811e-06
5.05327363682 3.19619710154e-06
5.06327813907 2.95006324302e-06
5.07328264132 3.07363611304e-06
5.08328714357 2.83178671802e-06
5.09329164582 2.95591037071e-06
5.10329614807 2.71821934508e-06
5.11330065033 2.84282596067e-06
5.12330515258 2.60917174969e-06
5.13330965483 2.73419688924e-06
5.14331415708 2.50446228536e-06
5.15331865933 2.62984472978e-06
5.16332316158 2.40391671156e-06
5.17332766383 2.52959832113e-06
5.18333216608 2.30736788671e-06
5.19333666833 2.43329346828e-06
5.20334117059 2.21465546969e-06
5.21334567284 2.34077264349e-06
5.22335017509 2.12562565431e-06
5.23335467734 2.25188471623e-06
5.24335917959 2.04013086612e-06
5.25336368184 2.1664846946e-06
5.26336818409 1.95802954407e-06
5.27337268634 2.08443345709e-06
5.28337718859 1.87918586509e-06
5.29338169085 2.00559752777e-06
5.3033861931 1.80346951715e-06
5.31339069535 1.92984882923e-06
5.3233951976 1.73075546775e-06
5.33339969985 1.85706446715e-06
5.3434042021 1.66092374786e-06
5.35340870435 1.78712651555e-06
5.3634132066 1.59385925389e-06
5.37341770885 1.71992181078e-06
5.38342221111 1.52945152088e-06
5.39342671336 1.6553417598e-06
5.40343121561 1.46759456686e-06
5.41343571786 1.59328215317e-06
5.42344022011 1.40818668308e-06
5.43344472236 1.53364297339e-06
5.44344922461 1.35113026445e-06
5.45345372686 1.47632824345e-06
5.46345822911 1.29633164539e-06
5.47346273137 1.4212458357e-06
5.48346723362 1.24370093273e-06
5.49347173587 1.3683073426e-06
5.50347623812 1.19315186406e-06
5.51348074037 1.31742790154e-06
5.52348524262 1.14460163958e-06
5.53348974487 1.26852605968e-06
5.54349424712 1.09797079918e-06
5.55349874937 1.22152364237e-06
5.56350325163 1.05318307211e-06
5.57350775388 1.17634560148e-06
5.58351225613 1.01016525778e-06
5.59351675838 1.13291990277e-06
5.60352126063 9.68847091407e-07
5.61352576288 1.09117739282e-06
5.62353026513 9.29161127335e-07
5.63353476738 1.05105169753e-06
5.64353926963 8.91042633625e-07
5.65354377189 1.01247908725e-06
5.66354827414 8.54429461856e-07
5.67355277639 9.75398385908e-07
5.68355727864 8.19261961144e-07
5.69356178089 9.39750864001e-07
5.70356628314 7.85482865104e-07
5.71357078539 9.05480130281e-07
5.72357528764 7.53037208442e-07
5.73357978989 8.7253205393e-07
5.74358429215 7.21872207145e-07
5.7535887944 8.40854654771e-07
5.76359329665 6.91937202569e-07
5.7735977989 8.10398029486e-07
5.78360230115 6.63183551654e-07
5.7936068034 7.81114261292e-07
5.80361130565 6.35564556996e-07
5.8136158079 7.52957336844e-07
5.82362031016 6.0903538378e-07
5.83362481241 7.25883084711e-07
5.84362931466 5.83552984531e-07
5.85363381691 6.99849077672e-07
5.86363831916 5.59076030123e-07
5.87364282141 6.74814580828e-07
5.88364732366 5.35564834121e-07
5.89365182591 6.50740477465e-07
5.90365632816 5.12981294921e-07
5.91366083042 6.27589200614e-07
5.92366533267 4.912888233e-07
5.93366983492 6.05324673181e-07
5.94367433717 4.70452286253e-07
5.95367883942 5.83912253034e-07
5.96368334167 4.50437957362e-07
5.97368784392 5.63318668645e-07
5.98369234617 4.31213425058e-07
5.99369684842 5.43511958711e-07
6.00370135068 4.12747597046e-07
6.01370585293 5.2446144062e-07
6.02371035518 3.95010593056e-07
6.03371485743 5.06137630973e-07
6.04371935968 3.77973727226e-07
6.05372386193 4.88512228487e-07
6.06372836418 3.61609447807e-07
6.07373286643 4.7155802788e-07
6.08373736868 3.45891295172e-07
6.09374187094 4.55248918091e-07
6.10374637319 3.30793869632e-07
6.11375087544 4.39559816605e-07
6.12375537769 3.16292757863e-07
6.13375987994 4.2446661666e-07
6.14376438219 3.02364527974e-07
6.15376888444 4.09946171674e-07
6.16377338669 2.88986668452e-07
6.17377788894 3.95976247127e-07
6.1837823912 2.76137557763e-07
6.19378689345 3.82535480311e-07
6.2037913957 2.63796432606e-07
6.21379589795 3.69603350435e-07
6.2238004002 2.51943347303e-07
6.23380490245 3.57160147093e-07
6.2438094047 2.40559146315e-07
6.25381390695 3.45186932995e-07
6.2638184092 2.29625430207e-07
6.27382291146 3.33665511221e-07
6.28382741371 2.19124523238e-07
6.29383191596 3.22578406421e-07
6.30383641821 2.0903944683e-07
6.31384092046 3.11908821821e-07
6.32384542271 1.9935389465e-07
6.33384992496 3.01640624777e-07
6.34385442721 1.90052203922e-07
6.35385892946 2.91758314851e-07
6.36386343172 1.81119319023e-07
6.37386793397 2.82246997052e-07
6.38387243622 1.72540795784e-07
6.39387693847 2.73092357693e-07
6.40388144072 1.64302738372e-07
6.41388594297 2.64280651214e-07
6.42389044522 1.56391812399e-07
6.43389494747 2.55798664053e-07
6.44389944972 1.48795199807e-07
6.45390395198 2.47633695706e-07
6.46390845423 1.41500589274e-07
6.47391295648 2.39773551228e-07
6.48391745873 1.34496157164e-07
6.49392196098 2.32206508362e-07
6.50392646323 1.27770536359e-07
6.51393096548 2.24921299613e-07
6.52393546773 1.21312812743e-07
6.53393996998 2.17907100412e-07
6.54394447224 1.15112496314e-07
6.55394897449 2.11153506246e-07
6.56395347674 1.09159512735e-07
6.57395797899 2.04650521604e-07
6.58396248124 1.03444180929e-07
6.59396698349 1.98388537532e-07
6.60397148574 9.79572004403e-08
6.61397598799 1.92358322116e-07
6.62398049025 9.26896332733e-08
6.6339849925 1.86550998423e-07
6.64398949475 8.76328939614e-08
6.653993997 1.80958037601e-07
6.66399849925 8.27787286574e-08
6.6740030015 1.75571243805e-07
6.68400750375 7.81192163567e-08
6.694012006 1.70382739828e-07
6.70401650825 7.36467417398e-08
6.71402101051 1.65384950961e-07
6.72402551276 6.9353978629e-08
6.73403001501 1.60570599383e-07
6.74403451726 6.52339019564e-08
6.75403901951 1.55932689275e-07
6.76404352176 6.12797524155e-08
6.77404802401 1.51464494276e-07
6.78405252626 5.74850381582e-08
6.79405702851 1.47159558436e-07
6.80406153077 5.384352005e-08
6.81406603302 1.43011657576e-07
6.82407053527 5.03491995954e-08
6.83407503752 1.39014822726e-07
6.84407953977 4.69963238195e-08
6.85408404202 1.35163317838e-07
6.86408854427 4.3779349539e-08
6.87409304652 1.31451617413e-07
6.88409754877 4.06929610978e-08
6.89410205103 1.27874420189e-07
6.90410655328 3.77320474993e-08
6.91411105553 1.24426623374e-07
6.92411555778 3.48916925769e-08
6.93412006003 1.2110332263e-07
6.94412456228 3.21671810535e-08
6.95412906453 1.17899809004e-07
6.96413356678 2.95539688661e-08
6.97413806903 1.14811542545e-07
6.98414257129 2.70477037392e-08
6.99414707354 1.11834171796e-07
7.00415157579 2.46441927422e-08
7.01415607804 1.08963506585e-07
7.02416058029 2.23394101329e-08
7.03416508254 1.06195518916e-07
7.04416958479 2.01294898638e-08
7.05417408704 1.03526336949e-07
7.06417858929 1.8010704204e-08
7.07418309155 1.0095223677e-07
7.0841875938 1.59794898604e-08
7.09419209605 9.84696371325e-08
7.1041965983 1.40324083493e-08
7.11420110055 9.60750974955e-08
7.1242056028 1.21661564805e-08
7.13421010505 9.37653074191e-08
7.1442146073 1.03775639721e-08
7.15421910955 9.15370827714e-08
7.16422361181 8.66358228998e-09
7.17422811406 8.93873645204e-08
7.18423261631 7.02128228144e-09
7.19423711856 8.73132107341e-08
7.20424162081 5.44784554923e-09
7.21424612306 8.53117880432e-08
7.22425062531 3.94056673291e-09
7.23425512756 8.33803788219e-08
7.24425962981 2.49684599176e-09
7.25426413207 8.15163640496e-08
7.26426863432 1.11418183558e-09
7.27427313657 7.97172309428e-08
7.28427763882 -2.09822448296e-10
7.29428214107 7.7980551746e-08
7.30428664332 -1.47748740259e-09
7.31429114557 7.6303998233e-08
7.32429564782 -2.69103137904e-09
7.33430015008 7.46853396394e-08
7.34430465233 -3.85257817484e-09
7.35430915458 7.3122417278e-08
7.36431365683 -4.96418798722e-09
7.37431815908 7.1613160562e-08
7.38432266133 -6.02782457397e-09
7.39432716358 7.01555777064e-08
7.40433166583 -7.04538612611e-09
7.41433616808 6.87477574427e-08
7.42434067034 -8.01868876705e-09
7.43434517259 6.73878488176e-08
7.44434967484 -8.9494892338e-09
7.45435417709 6.60740871177e-08
7.46435867934 -9.83946389101e-09
7.47436318159 6.48047641039e-08
7.48436768384 -1.069023222e-08
7.49437218609 6.35782405232e-08
7.50437668834 -1.150334115e-08
7.5143811906 6.2392938987e-08
7.52438569285 -1.22802944587e-08
7.5343901951 6.12473428873e-08
7.54439469735 -1.30225217325e-08
7.5543991996 6.01399888166e-08
7.56440370185 -1.37314016088e-08
7.5744082041 5.90694784829e-08
7.58441270635 -1.44082633323e-08
7.5944172086 5.80344549589e-08
7.60442171086 -1.50543782298e-08
7.61442621311 5.70336232951e-08
7.62443071536 -1.5670975781e-08
7.63443521761 5.60657308002e-08
7.64443971986 -1.62592285338e-08
7.65444422211 5.51295767053e-08
7.66444872436 -1.68202670569e-08
7.67445322661 5.42240015053e-08
7.68445772886 -1.73551851099e-08
7.69446223112 5.33478970245e-08
7.70446673337 -1.78650264657e-08
7.71447123562 5.25001824945e-08
7.72447573787 -1.83507904364e-08
7.73448024012 5.16798362121e-08
7.74448474237 -1.88134503037e-08
7.75448924462 5.0885862824e-08
7.76449374687 -1.92539300234e-08
7.77449824912 5.01173073755e-08
7.78450275138 -1.96731236788e-08
7.79450725363 4.93732553209e-08
7.80451175588 -2.007188567e-08
7.81451625813 4.86528167163e-08
7.82452076038 -2.04510462184e-08
7.83452526263 4.79551473052e-08
7.84452976488 -2.08113931287e-08
7.85453426713 4.72794279005e-08
7.86453876938 -2.1153684134e-08
7.87454327164 4.66248724981e-08
7.88454777389 -2.14786592554e-08
7.89455227614 4.59907186744e-08
7.90455677839 -2.1787014411e-08
7.91456128064 4.5376242234e-08
7.92456578289 -2.20794343238e-08
7.93457028514 4.47807373768e-08
7.94457478739 -2.23565612023e-08
7.95457928964 4.42035288189e-08
7.9645837919 -2.26190221805e-08
7.97458829415 4.36439741324e-08
7.9845927964 -2.28674165244e-08
7.99459729865 4.31014384325e-08
8.0046018009 -2.31023244382e-08
8.01460630315 4.25753257675e-08
8.0246108054 -2.33242873028e-08
8.03461530765 4.20650538202e-08
8.0446198099 -2.35338575344e-08
8.05462431216 4.15700654855e-08
8.06462881441 -2.37315355759e-08
8.07463331666 4.10898230501e-08
8.08463781891 -2.39178122623e-08
8.09464232116 4.06238139347e-08
8.10464682341 -2.40931658758e-08
8.11465132566 4.01715357372e-08
8.12465582791 -2.4258045569e-08
8.13466033017 3.97325121228e-08
8.14466483242 -2.44128911779e-08
8.15466933467 3.93062807055e-08
8.16467383692 -2.45581202141e-08
8.17467833917 3.88924000511e-08
8.18468284142 -2.46941392067e-08
8.19468734367 3.84904406132e-08
8.20469184592 -2.48213329178e-08
8.21469634817 3.80999909928e-08
8.22470085043 -2.4940073646e-08
8.23470535268 3.77206584002e-08
8.24470985493 -2.50507215262e-08
8.25471435718 3.73520581955e-08
8.26471885943 -2.51536167347e-08
8.27472336168 3.69938236088e-08
8.28472786393 -2.52490913194e-08
8.29473236618 3.66456054004e-08
8.30473686843 -2.53374630108e-08
8.31474137069 3.63070594986e-08
8.32474587294 -2.54190356818e-08
8.33475037519 3.59778573306e-08
8.34475487744 -2.54941044653e-08
8.35475937969 3.56576871357e-08
8.36476388194 -2.55629470684e-08
8.37476838419 3.53462416234e-08
8.38477288644 -2.56258381801e-08
8.39477738869 3.50432310065e-08
8.40478189095 -2.56830337319e-08
8.4147863932 3.4748373738e-08
8.42479089545 -2.57347827136e-08
8.4347953977 3.44613954195e-08
8.44479989995 -2.57813324376e-08
8.4548044022 3.41820358378e-08
8.46480890445 -2.58229033244e-08
8.4748134067 3.39100486363e-08
8.48481790895 -2.58597232768e-08
8.49482241121 3.36451805311e-08
8.50482691346 -2.58920035755e-08
8.51483141571 3.33872071389e-08
8.52483591796 -2.59199456068e-08
8.53484042021 3.31359029703e-08
8.54484492246 -2.59437433313e-08
8.55484942471 3.28910519919e-08
8.56485392696 -2.5963591497e-08
8.57485842921 3.26524419636e-08
8.58486293147 -2.5979665865e-08
8.59486743372 3.24198749558e-08
8.60487193597 -2.59921422815e-08
8.61487643822 3.21931572009e-08
8.62488094047 -2.60011867891e-08
8.63488544272 3.19720993291e-08
8.64488994497 -2.60069586818e-08
8.65489444722 3.17565266964e-08
8.66489894947 -2.60096133572e-08
8.67490345173 3.1546262905e-08
8.68490795398 -2.60092965025e-08
8.69491245623 3.13411445093e-08
8.70491695848 -2.60061495383e-08
8.71492146073 3.11410074686e-08
8.72492596298 -2.60003106144e-08
8.73493046523 3.09456992702e-08
8.74493496748 -2.59919080643e-08
8.75493946973 3.07550709793e-08
8.76494397199 -2.59810668916e-08
8.77494847424 3.05689816894e-08
8.78495297649 -2.59679081529e-08
8.79495747874 3.03872878602e-08
8.80496198099 -2.59525471884e-08
8.81496648324 3.0209860299e-08
8.82497098549 -2.59350922943e-08
8.83497548774 3.00365720608e-08
8.84497998999 -2.59156541182e-08
8.85498449225 2.98672945863e-08
8.8649889945 -2.58943303697e-08
8.87499349675 2.97019138871e-08
8.884997999 -2.58712208581e-08
8.89500250125 2.95403119182e-08
8.9050070035 -2.58464181094e-08
8.91501150575 2.93823805495e-08
8.925016008 -2.58200112064e-08
8.93502051026 2.92280122736e-08
8.94502501251 -2.57920881561e-08
8.95502951476 2.90771063705e-08
8.96503401701 -2.57627292403e-08
8.97503851926 2.89295615428e-08
8.98504302151 -2.57320159753e-08
8.99504752376 2.87852842246e-08
9.00505202601 -2.57000217928e-08
9.01505652826 2.86441820494e-08
9.02506103052 -2.56668220615e-08
9.03506553277 2.85061703443e-08
9.04507003502 -2.56324824773e-08
9.05507453727 2.83711573583e-08
9.06507903952 -2.55970727432e-08
9.07508354177 2.82390667029e-08
9.08508804402 -2.55606574096e-08
9.09509254627 2.81098148718e-08
9.10509704852 -2.55232958043e-08
9.11510155078 2.79833324919e-08
9.12510605303 -2.54850434128e-08
9.13511055528 2.78595436711e-08
9.14511505753 -2.54459621464e-08
9.15511955978 2.77383743671e-08
9.16512406203 -2.54061001065e-08
9.17512856428 2.76197628894e-08
9.18513306653 -2.53655117422e-08
9.19513756878 2.7503639217e-08
9.20514207104 -2.53242464763e-08
9.21514657329 2.73899416285e-08
9.22515107554 -2.52823456666e-08
9.23515557779 2.72786126123e-08
9.24516008004 -2.52398639404e-08
9.25516458229 2.71695886818e-08
9.26516908454 -2.51968324657e-08
9.27517358679 2.70628189349e-08
9.28517808904 -2.51533006954e-08
9.2951825913 2.69582457704e-08
9.30518709355 -2.51093015457e-08
9.3151915958 2.68558202247e-08
9.32519609805 -2.50648766266e-08
9.3352006003 2.67554897816e-08
9.34520510255 -2.50200588049e-08
9.3552096048 2.6657207822e-08
9.36521410705 -2.49748835345e-08
9.3752186093 2.65609284948e-08
9.38522311156 -2.49293782019e-08
9.39522761381 2.64666075011e-08
9.40523211606 -2.48835794507e-08
9.41523661831 2.63742018308e-08
9.42524112056 -2.48375111897e-08
9.43524562281 2.62836712221e-08
9.44525012506 -2.47912016091e-08
9.45525462731 2.61949763063e-08
9.46525912956 -2.47446835777e-08
9.47526363182 2.61080753734e-08
9.48526813407 -2.46979701214e-08
9.49527263632 2.60229389471e-08
9.50527713857 -2.46510928299e-08
9.51528164082 2.59395294342e-08
9.52528614307 -2.4604073424e-08
9.53529064532 2.58578130578e-08
9.54529514757 -2.45569286738e-08
9.55529964982 2.57777568388e-08
9.56530415208 -2.45096822628e-08
9.57530865433 2.56993321869e-08
9.58531315658 -2.44623501308e-08
9.59531765883 2.56225100919e-08
9.60532216108 -2.44149512098e-08
9.61532666333 2.55472602789e-08
9.62533116558 -2.43675002721e-08
9.63533566783 2.54735581313e-08
9.64534017009 -2.43200167382e-08
9.65534467234 2.54013773449e-08
9.66534917459 -2.42725100348e-08
9.67535367684 2.53306939325e-08
9.68535817909 -2.42249934308e-08
9.69536268134 2.5261485348e-08
9.70536718359 -2.41774828763e-08
9.71537168584 2.51937289646e-08
9.72537618809 -2.4129985113e-08
9.73538069035 2.51274044531e-08
9.7453851926 -2.40825168588e-08
9.75538969485 2.50624886642e-08
9.7653941971 -2.40350841202e-08
9.77539869935 2.49989600058e-08
9.7854032016 -2.39876977862e-08
9.79540770385 2.49368120415e-08
9.8054122061 -2.3940360249e-08
9.81541670835 2.48760185052e-08
9.82542121061 -2.38930849235e-08
9.83542571286 2.48165669637e-08
9.84543021511 -2.38458737964e-08
9.85543471736 2.47584411323e-08
9.86543921961 -2.37987343571e-08
9.87544372186 2.47016279222e-08
9.88544822411 -2.37516716309e-08
9.89545272636 2.46461122125e-08
9.90545722861 -2.37046880392e-08
9.91546173087 2.45918838112e-08
9.92546623312 -2.36577873095e-08
9.93547073537 2.45389305945e-08
9.94547523762 -2.36109726382e-08
9.95547973987 2.44872432587e-08
9.96548424212 -2.35642455851e-08
9.97548874437 2.44368085267e-08
9.98549324662 -2.35176076566e-08
9.99549774887 2.43876216078e-08
10.0055022511 -2.34710561672e-08
10.0155067534 2.43396734616e-08
10.0255112556 -2.34245953713e-08
10.0355157579 2.42929531992e-08
10.0455202601 -2.3378219987e-08
10.0555247624 2.42474639804e-08
10.0655292646 -2.33319311739e-08
10.0755337669 2.42031895585e-08
10.0855382691 -2.32857259742e-08
10.0955427714 2.41601299953e-08
10.1055472736 -2.32395992255e-08
10.1155517759 2.41182813535e-08
10.1255562781 -2.31935510439e-08
10.1355607804 2.40776385577e-08
10.1455652826 -2.31475744576e-08
10.1555697849 2.40382067424e-08
10.1655742871 -2.31016639441e-08
10.1755787894 2.3999973832e-08
10.1855832916 -2.30558147399e-08
10.1955877939 2.39629449073e-08
10.2055922961 -2.3010020865e-08
10.2155967984 2.39271195334e-08
10.2256013007 -2.29642724409e-08
10.2356058029 2.389249749e-08
10.2456103052 -2.29185705084e-08
10.2556148074 2.38590816597e-08
10.2656193097 -2.28728930643e-08
10.2756238119 2.38268741511e-08
10.2856283142 -2.28272414623e-08
10.2956328164 2.37958781656e-08
10.3056373187 -2.27815997053e-08
10.3156418209 2.37661016602e-08
10.3256463232 -2.27359608398e-08
10.3356508254 2.37375380811e-08
10.3456553277 -2.26903134587e-08
10.3556598299 2.37102042683e-08
10.3656643322 -2.26446486955e-08
10.3756688344 2.36841042316e-08
10.3856733367 -2.25989475477e-08
10.3956778389 2.36592416253e-08
10.4056823412 -2.25531994986e-08
10.4156868434 2.36356279797e-08
10.4256913457 -2.2507393763e-08
10.4356958479 2.36132733058e-08
10.4457003502 -2.24615108345e-08
10.4557048524 2.35921819958e-08
10.4657093547 -2.24155357657e-08
10.4757138569 2.35723725769e-08
10.4857183592 -2.23694551725e-08
10.4957228614 2.35538514167e-08
10.5057273637 -2.23232488034e-08
10.5157318659 2.3536631236e-08
10.5257363682 -2.22769022254e-08
10.5357408704 2.35207302791e-08
10.5457453727 -2.22303924648e-08
10.5557498749 2.35061565254e-08
10.5657543772 -2.21837036656e-08
10.5757588794 2.34929317902e-08
10.5857633817 -2.21368125056e-08
10.5957678839 2.34810661667e-08
10.6057723862 -2.20896999011e-08
10.6157768884 2.34705814098e-08
10.6257813907 -2.20423410915e-08
10.6357858929 2.34614965942e-08
10.6457903952 -2.19947185602e-08
10.6557948974 2.34538278661e-08
10.6657993997 -2.19468016919e-08
10.675803902 2.34475973598e-08
10.6858084042 -2.1898567496e-08
10.6958129065 2.34428250628e-08
10.7058174087 -2.18499910167e-08
10.715821911 2.34395409592e-08
10.7258264132 -2.18010453258e-08
10.7358309155 2.34377594814e-08
10.7458354177 -2.17517010871e-08
10.75583992 2.3437509516e-08
10.7658444222 -2.17019297475e-08
10.7758489245 2.34388191376e-08
10.7858534267 -2.16517006334e-08
10.795857929 2.34417126523e-08
10.8058624312 -2.16009830464e-08
10.8158669335 2.3446222808e-08
10.8258714357 -2.15497407658e-08
10.835875938 2.34523770666e-08
10.8458804402 -2.14979440941e-08
10.8558849425 2.34602079424e-08
10.8658894447 -2.14455584013e-08
10.875893947 2.3469745175e-08
10.8858984492 -2.13925454647e-08
10.8959029515 2.34810288189e-08
10.9059074537 -2.13388633118e-08
10.915911956 2.34940867472e-08
10.9259164582 -2.12844832682e-08
10.9359209605 2.35089646379e-08
10.9459254627 -2.12293538793e-08
10.955929965 2.35256975497e-08
10.9659344672 -2.11734359499e-08
10.9759389695 2.35443259619e-08
10.9859434717 -2.11166922102e-08
10.995947974 2.35648915712e-08
11.0059524762 -2.10590654958e-08
11.0159569785 2.35874400106e-08
11.0259614807 -2.10005195987e-08
11.035965983 2.36120135781e-08
11.0459704852 -2.09410023262e-08
11.0559749875 2.36386616209e-08
11.0659794897 -2.0880464511e-08
11.075983992 2.3667431727e-08
11.0859884942 -2.08188525302e-08
11.0959929965 2.36983791343e-08
11.1059974987 -2.07561126119e-08
11.116002001 2.37315512303e-08
11.1260065033 -2.0692190486e-08
11.1360110055 2.37670070348e-08
11.1460155078 -2.06270256023e-08
11.15602001 2.38048022643e-08
11.1660245123 -2.0560562442e-08
11.1760290145 2.38449956477e-08
11.1860335168 -2.04927349264e-08
11.196038019 2.38876513599e-08
11.2060425213 -2.04234818536e-08
11.2160470235 2.39328295604e-08
11.2260515258 -2.03527377274e-08
11.236056028 2.39805997519e-08
11.2460605303 -2.02804286489e-08
11.2560650325 2.40310282092e-08
11.2660695348 -2.02064895019e-08
11.276074037 2.40841907634e-08
11.2860785393 -2.01308412141e-08
11.2960830415 2.41401564665e-08
11.3060875438 -2.00534144271e-08
11.316092046 2.41990015818e-08
11.3260965483 -1.99741237808e-08
11.3361010505 2.42608118908e-08
11.3461055528 -1.9892892349e-08
11.356110055 2.4325663425e-08
11.3661145573 -1.98096302893e-08
11.3761190595 2.43936450885e-08
11.3861235618 -1.97242577168e-08
11.396128064 2.44648429108e-08
11.4061325663 -1.96366782312e-08
11.4161370685 2.45393516882e-08
11.4261415708 -1.95468005762e-08
11.436146073 2.46172624729e-08
11.4461505753 -1.9454527848e-08
11.4561550775 2.46986802363e-08
11.4661595798 -1.93597553511e-08
11.476164082 2.47836994649e-08
11.4861685843 -1.92623856704e-08
11.4961730865 2.48724312644e-08
11.5061775888 -1.91623139729e-08
11.516182091 2.49649788595e-08
11.5261865933 -1.90594216939e-08
11.5361910955 2.50614630516e-08
11.5461955978 -1.89535913428e-08
11.5562001001 2.5162000302e-08
11.5662046023 -1.88447118895e-08
11.5762091046 2.52667077934e-08
11.5862136068 -1.87326560116e-08
11.5962181091 2.53757154016e-08
11.6062226113 -1.86172966232e-08
11.6162271136 2.54891535234e-08
11.6262316158 -1.84985007511e-08
11.6362361181 2.56071542097e-08
11.6462406203 -1.83761342255e-08
11.6562451226 2.57298604551e-08
11.6662496248 -1.82500536333e-08
11.6762541271 2.58574150829e-08
11.6862586293 -1.81201131582e-08
11.6962631316 2.59899710111e-08
11.7062676338 -1.79861607891e-08
11.7162721361 2.61276791068e-08
11.7262766383 -1.78480399323e-08
11.7362811406 2.62707068815e-08
11.7462856428 -1.77055886644e-08
11.7562901451 2.64192136932e-08
11.7662946473 -1.75586390751e-08
11.7762991496 2.65733772021e-08
11.7863036518 -1.74070163458e-08
11.7963081541 2.67333723228e-08
11.8063126563 -1.72505409293e-08
11.8163171586 2.68993882659e-08
11.8263216608 -1.70890270371e-08
11.8363261631 2.70716096608e-08
11.8463306653 -1.6922280796e-08
11.8563351676 2.72502427789e-08
11.8663396698 -1.67501036518e-08
11.8763441721 2.7435487285e-08
11.8863486743 -1.65722888292e-08
11.8963531766 2.76275551154e-08
11.9063576788 -1.63886232671e-08
11.9163621811 2.7826671028e-08
11.9263666833 -1.61988829538e-08
11.9363711856 2.8033056692e-08
11.9463756878 -1.60028406593e-08
11.9563801901 2.82469523239e-08
11.9663846923 -1.58002599968e-08
11.9763891946 2.8468598472e-08
11.9863936968 -1.55908951168e-08
11.9963981991 2.86982487873e-08
12.0064027014 -1.53744900916e-08
12.0164072036 2.89361643241e-08
12.0264117059 -1.5150787351e-08
12.0364162081 2.91826155824e-08
12.0464207104 -1.49195067892e-08
12.0564252126 2.94378823858e-08
12.0664297149 -1.46803742057e-08
12.0764342171 2.97022543719e-08
12.0864387194 -1.44330943817e-08
12.0964432216 2.99760317607e-08
12.1064477239 -1.41773652415e-08
12.1164522261 3.02595254875e-08
12.1264567284 -1.39128718931e-08
12.1364612306 3.05530571176e-08
12.1464657329 -1.36392965019e-08
12.1564702351 3.08569575067e-08
12.1664747374 -1.33563049464e-08
12.1764792396 3.11715687634e-08
12.1864837419 -1.30635458783e-08
12.1964882441 3.14972529013e-08
12.2064927464 -1.27606640353e-08
12.2164972486 3.1834373524e-08
12.2265017509 -1.24472862766e-08
12.2365062531 3.21833172392e-08
12.2465107554 -1.21230289486e-08
12.2565152576 3.25444755308e-08
12.2665197599 -1.17874942027e-08
12.2765242621 3.29182587303e-08
12.2865287644 -1.14402713743e-08
12.2965332666 3.33050889511e-08
12.3065377689 -1.10809340971e-08
12.3165422711 3.37054068061e-08
12.3265467734 -1.07090389651e-08
12.3365512756 3.4119663641e-08
12.3465557779 -1.03241326182e-08
12.3565602801 3.45483319336e-08
12.3665647824 -9.92573872738e-09
12.3765692846 3.49918911358e-08
12.3865737869 -9.51337060007e-09
12.3965782891 3.54508519329e-08
12.4065827914 -9.08652210069e-09
12.4165872936 3.59257296345e-08
12.4265917959 -8.64466654585e-09
12.4365962981 3.64170648094e-08
12.4466008004 -8.187263404e-09
12.4566053027 3.6925417848e-08
12.4666098049 -7.71374912174e-09
12.4766143072 3.74513599504e-08
12.4866188094 -7.22354474234e-09
12.4966233117 3.79954917588e-08
12.5066278139 -6.71604447888e-09
12.5166323162 3.85584336545e-08
12.5266368184 -6.19062880956e-09
12.5366413207 3.91408240822e-08
12.5466458229 -5.64664907335e-09
12.5566503252 3.97433254707e-08
12.5666548274 -5.0834398951e-09
12.5766593297 4.03666230198e-08
12.5866638319 -4.50030802978e-09
12.5966683342 4.10114295875e-08
12.6066728364 -3.89653947579e-09
12.6166773387 4.16784761586e-08
12.6266818409 -3.27139214017e-09
12.6366863432 4.23685250059e-08
12.6466908454 -2.62409953841e-09
12.6566953477 4.30823639185e-08
12.6666998499 -1.95386964278e-09
12.6767043522 4.38208057035e-08
12.6867088544 -1.25987605147e-09
12.6967133567 4.45846990409e-08
12.7067178589 -5.41269926557e-10
12.7167223612 4.53749121298e-08
12.7267268634 2.02830490133e-10
12.7367313657 4.61923539677e-08
12.7467358679 9.73336336035e-10
12.7567403702 4.70379516515e-08
12.7667448724 1.77118601243e-09
12.7767493747 4.79126799499e-08
12.7867538769 2.5973684329e-09
12.7967583792 4.88175370042e-08
12.8067628814 3.45288296314e-09
12.8167673837 4.97535649133e-08
12.8267718859 4.33878559349e-09
12.8367763882 5.07218347261e-08
12.8467808904 5.25615624491e-09
12.8567853927 5.17234595627e-08
12.8667898949 6.20612153326e-09
12.8767943972 5.27595876761e-08
12.8867988994 7.18983951339e-09
12.8968034017 5.38314173086e-08
12.906807904 8.20851413668e-09
12.9168124062 5.49401725323e-08
12.9268169085 9.26339252382e-09
12.9368214107 5.60871329443e-08
12.946825913 1.03557619235e-08
12.9568304152 5.72736227976e-08
12.9668349175 1.14869559307e-08
12.9768394197 5.85010039481e-08
12.986843922 1.26583628386e-08
12.9968484242 5.97706997511e-08
13.0068529265 1.38714080989e-08
13.0168574287 6.10841702668e-08
13.026861931 1.51275677773e-08
13.0368664332 6.24429333657e-08
13.0468709355 1.64283892373e-08
13.0568754377 6.38485628938e-08
13.06687994 1.77754460099e-08
13.0768844422 6.53026784836e-08
13.0868889445 1.91703902183e-08
13.0968934467 6.68069673156e-08
13.106897949 2.06149170478e-08
13.1169024512 6.83631716452e-08
13.1269069535 2.2110793083e-08
13.1369114557 6.99730927437e-08
13.146915958 2.36598395363e-08
13.1569204602 7.16385995562e-08
13.1669249625 2.5263944877e-08
13.1769294647 7.33616230739e-08
13.186933967 2.69250631403e-08
13.1969384692 7.51441640822e-08
13.2069429715 2.86452190503e-08
13.2169474737 7.6988294828e-08
13.226951976 3.04265071415e-08
13.2369564782 7.8896160523e-08
13.2469609805 3.22710963349e-08
13.2569654827 8.08699737624e-08
13.266969985 3.4181233737e-08
13.2769744872 8.29120436695e-08
13.2869789895 3.61592409339e-08
13.2969834917 8.50247381374e-08
13.306987994 3.82075289621e-08
13.3169924962 8.72105274418e-08
13.3269969985 4.0328590502e-08
13.3370015008 8.94719544918e-08
13.347006003 4.25249996956e-08
13.3570105053 9.18116607457e-08
13.3670150075 4.47994320323e-08
13.3770195098 9.42323815477e-08
13.387024012 4.71546584859e-08
13.3970285143 9.67369438494e-08
13.4070330165 4.95935374872e-08
13.4170375188 9.93282756299e-08
13.427042021 5.21190328197e-08
13.4370465233 1.02009407943e-07
13.4470510255 5.47342176065e-08
13.4570555278 1.04783477668e-07
13.46706003 5.74422666165e-08
13.4770645323 1.07653737117e-07
13.4870690345 6.02464741516e-08
13.4970735368 1.10623548485e-07
13.507078039 6.31502449771e-08
13.5170825413 1.13696395841e-07
13.5270870435 6.6157109539e-08
13.5370915458 1.1687588284e-07
13.547096048 6.92707164259e-08
13.5571005503 1.20165743776e-07
13.5671050525 7.24948512078e-08
13.5771095548 1.23569841266e-07
13.587114057 7.58334259408e-08
13.5971185593 1.27092180509e-07
13.6071230615 7.92904973309e-08
13.6171275638 1.30736899826e-07
13.627132066 8.28702641966e-08
13.6371365683 1.34508292002e-07
13.6471410705 8.6577069747e-08
13.6571455728 1.38410793673e-07
13.667150075 9.04154160683e-08
13.6771545773 1.42449004361e-07
13.6871590795 9.43899604872e-08
13.6971635818 1.46627682074e-07
13.707168084 9.8505530923e-08
13.7171725863 1.50951760322e-07
13.7271770885 1.02767120591e-07
13.7371815908 1.55426333322e-07
13.747186093 1.07179904072e-07
13.7571905953 1.60056690419e-07
13.7671950975 1.11749236516e-07
13.7771995998 1.64848299631e-07
13.7872041021 1.1648066227e-07
13.7972086043 1.69806821982e-07
13.8072131066 1.21379921625e-07
13.8172176088 1.7493812268e-07
13.8272221111 1.26452967545e-07
13.8372266133 1.80248273756e-07
13.8472311156 1.31705948239e-07
13.8572356178 1.8574356115e-07
13.8672401201 1.37145245571e-07
13.8772446223 1.91430490827e-07
13.8872491246 1.42777455565e-07
13.8972536268 1.97315806892e-07
13.9072581291 1.48609416634e-07
13.9172626313 2.03406481411e-07
13.9272671336 1.54648200082e-07
13.9372716358 2.09709737104e-07
13.9472761381 1.60901140781e-07
13.9572806403 2.16233065086e-07
13.9672851426 1.6737582799e-07
13.9772896448 2.22984205005e-07
13.9872941471 1.74080116169e-07
13.9972986493 2.29971179106e-07
14.0073031516 1.81022148532e-07
14.0173076538 2.3720229208e-07
14.0273121561 1.88210344827e-07
14.0373166583 2.44686142382e-07
14.0473211606 1.95653434838e-07
14.0573256628 2.5243163511e-07
14.0673301651 2.0336044872e-07
14.0773346673 2.60447989502e-07
14.0873391696 2.11340746551e-07
14.0973436718 2.68744752345e-07
14.1073481741 2.19604013861e-07
14.1173526763 2.77331812659e-07
14.1273571786 2.28160288284e-07
14.1373616808 2.86219403142e-07
14.1473661831 2.37019954892e-07
14.1573706853 2.95418130174e-07
14.1673751876 2.46193775363e-07
14.1773796898 3.04938962228e-07
14.1873841921 2.55692889998e-07
14.1973886943 3.1479327689e-07
14.2073931966 2.65528834183e-07
14.2173976988 3.24992833153e-07
14.2274022011 2.75713559749e-07
14.2374067034 3.35549825996e-07
14.2474112056 2.86259437917e-07
14.2574157079 3.4647687598e-07
14.2674202101 2.97179281137e-07
14.2774247124 3.57787053111e-07
14.2874292146 3.08486359645e-07
14.2974337169 3.69493893023e-07
14.3074382191 3.20194415979e-07
14.3174427214 3.8161140934e-07
14.3274472236 3.3231767755e-07
14.3374517259 3.94154120667e-07
14.3474562281 3.44870886235e-07
14.3574607304 4.071370561e-07
14.3674652326 3.57869299991e-07
14.3774697349 4.20575779848e-07
14.3874742371 3.71328730809e-07
14.3974787394 4.3448641606e-07
14.4074832416 3.85265542697e-07
14.4174877439 4.48885655665e-07
14.4274922461 3.99696690255e-07
14.4374967484 4.63790785361e-07
14.4475012506 4.14639729606e-07
14.4575057529 4.79219713313e-07
14.4675102551 4.30112846854e-07
14.4775147574 4.95190976286e-07
14.4875192596 4.46134870225e-07
14.4975237619 5.11723783676e-07
14.5075282641 4.62725303007e-07
14.5175327664 5.28838013139e-07
14.5275372686 4.79904345642e-07
14.5375417709 5.46554266925e-07
14.5475462731 4.97692916963e-07
14.5575507754 5.6489387258e-07
14.5675552776 5.16112687288e-07
14.5775597799 5.83878921967e-07
14.5875642821 5.35186086658e-07
14.5975687844 6.03532291287e-07
14.6075732866 5.54936363483e-07
14.6175777889 6.23877677041e-07
14.6275822911 5.75387586541e-07
14.6375867934 6.44939620024e-07
14.6475912956 5.96564691257e-07
14.6575957979 6.66743538899e-07
14.6676003002 6.18493494255e-07
14.6776048024 6.8931575451e-07
14.6876093047 6.41200741363e-07
14.6976138069 7.12683535874e-07
14.7076183092 6.64714137796e-07
14.7176228114 7.36875116802e-07
14.7276273137 6.89062370328e-07
14.7376318159 7.61919751402e-07
14.7476363182 7.14275159249e-07
14.7576408204 7.87847728625e-07
14.7676453227 7.4038328686e-07
14.7776498249 8.14690425258e-07
14.7876543272 7.67418633447e-07
14.7976588294 8.42480344887e-07
14.8076633317 7.95414224029e-07
14.8176678339 8.7125114525e-07
14.8276723362 8.24404266435e-07
14.8376768384 9.01037692372e-07
14.8476813407 8.5442418741e-07
14.8576858429 9.31876101039e-07
14.8676903452 8.85510695499e-07
14.8776948474 9.6380378032e-07
14.8876993497 9.17701801377e-07
14.8977038519 9.96859477241e-07
14.9077083542 9.51036884481e-07
14.9177128564 1.03108332437e-06
14.9277173587 9.8555673592e-07
14.9377218609 1.06651689889e-06
14.9477263632 1.02130361027e-06
14.9577308654 1.10320326436e-06
14.9677353677 1.05832127452e-06
14.9777398699 1.14118702348e-06
14.9877443722 1.09665507047e-06
14.9977488744 1.18051439227e-06
15.0077533767 1.1363519648e-06
15.0177578789 1.22123323341e-06
15.0277623812 1.17746061067e-06
15.0377668834 1.2633931299e-06
15.0477713857 1.2200314126e-06
15.0577758879 1.30704544638e-06
15.0677803902 1.2641165764e-06
15.0777848924 1.35224339491e-06
15.0877893947 1.30977019771e-06
15.0977938969 1.39904209006e-06
15.1077983992 1.35704830482e-06
15.1178029015 1.44749864056e-06
15.1278074037 1.40600894834e-06
15.137811906 1.49767219429e-06
15.1478164082 1.4567122658e-06
15.1578209105 1.54962404428e-06
15.1678254127 1.50922056045e-06
15.177829915 1.60341766184e-06
15.1878344172 1.56359836265e-06
15.1978389195 1.6591188208e-06
15.2078434217 1.61991254835e-06
15.217847924 1.71679566101e-06
15.2278524262 1.67823239107e-06
15.2378569285 1.77651877464e-06
15.2478614307 1.73862966627e-06
15.257865933 1.83836129807e-06
15.2678704352 1.80117872608e-06
15.2778749375 1.9023989975e-06
15.2878794397 1.8659566191e-06
15.297883942 1.96871037729e-06
15.3078884442 1.93304315689e-06
15.3178929465 2.03737676987e-06
15.3278974487 2.00252104584e-06
15.337901951 2.10848244109e-06
15.3479064532 2.0744759655e-06
15.3579109555 2.18211469824e-06
15.3679154577 2.14899669856e-06
15.37791996 2.25836400317e-06
15.3879244622 2.226175226e-06
15.3979289645 2.33732408035e-06
15.4079334667 2.30610686304e-06
15.417937969 2.41909204565e-06
15.4279424712 2.38889036654e-06
15.4379469735 2.50376852258e-06
15.4479514757 2.47462805963e-06
15.457955978 2.59145777469e-06
15.4679604802 2.56342597631e-06
15.4779649825 2.68226783391e-06
15.4879694847 2.65539398504e-06
15.497973987 2.77631064954e-06
15.5079784892 2.75064593183e-06
15.5179829915 2.87370221381e-06
15.5279874937 2.84929978668e-06
15.537991996 2.97456272755e-06
15.5479964982 2.95147780017e-06
15.5580010005 3.07901674914e-06
15.5680055028 3.05730664808e-06
15.578010005 3.18719334508e-06
15.5880145073 3.16691760664e-06
15.5980190095 3.29922627133e-06
15.6080235118 3.28044671168e-06
15.618028014 3.41525412632e-06
15.6280325163 3.39803494558e-06
15.6380370185 3.53542055542e-06
15.6480415208 3.51982840122e-06
15.658046023 3.6598744081e-06
15.6680505253 3.64597849197e-06
15.6780550275 3.78876994956e-06
15.6880595298 3.77664212326e-06
15.698064032 3.92226704965e-06
15.7080685343 3.91198191733e-06
15.7180730365 4.06053139493e-06
15.7280775388 4.05216641487e-06
15.738082041 4.20373470224e-06
15.7480865433 4.19737028937e-06
15.7580910455 4.35205493848e-06
15.7680955478 4.34777457292e-06
15.77810005 4.50567655509e-06
15.7881045523 4.50356690787e-06
15.7981090545 4.66479072457e-06
15.8081135568 4.66494177081e-06
15.818118059 4.82959559482e-06
15.8281225613 4.83210073532e-06
15.8381270635 5.00029654015e-06
15.8481315658 5.00525273377e-06
15.858136068 5.17710642453e-06
15.8681405703 5.18461432842e-06
15.8781450725 5.36024590332e-06
15.8881495748 5.37040999748e-06
15.898154077 5.54994368528e-06
15.9081585793 5.56287242709e-06
15.9181630815 5.74643684256e-06
15.9281675838 5.76224281553e-06
15.938172086 5.94997112305e-06
15.9481765883 5.96877119386e-06
15.9581810905 6.16080127424e-06
15.9681855928 6.18271674398e-06
15.978190095 6.3791913667e-06
15.9881945973 6.40434815512e-06
15.9981990995 6.6054151638e-06
16.0082036018 6.63394396906e-06
16.0182081041 6.83975645599e-06
16.0282126063 6.87179293943e-06
16.0382171086 7.08250945879e-06
16.0482216108 7.11819443832e-06
16.0582261131 7.33397918384e-06
16.0682306153 7.37345882741e-06
16.0782351176 7.59448185889e-06
16.0882396198 7.63790787705e-06
16.0982441221 7.86434533299e-06
16.1082486243 7.91187520088e-06
16.1182531266 8.14390952846e-06
16.1282576288 8.1957066964e-06
16.1382621311 8.43352686634e-06
16.1482666333 8.48976099786e-06
16.1582711356 8.73356277205e-06
16.1682756378 8.79440996705e-06
16.1782801401 9.04439613303e-06
16.1882846423 9.11003917916e-06
16.1982891446 9.36641982565e-06
16.2082936468 9.43704844548e-06
16.2182981491 9.70004122266e-06
16.2283026513 9.77585235571e-06
16.2383071536 1.00456827626e-05
16.2483116558 1.01268808185e-05
16.2583161581 1.04037824969e-05
16.2683206603 1.04905796556e-05
16.2783251626 1.0774794696e-05
16.2883296648 1.0867411195e-05
16.2983341671 1.11591904513e-05
16.3083386693 1.12578548999e-05
16.3183431716 1.15574583187e-05
16.3283476738 1.16624080162e-05
16.3383521761 1.19701049752e-05
16.3483566783 1.20815862401e-05
16.3583611806 1.23976559115e-05
16.3683656828 1.25159244361e-05
16.3783701851 1.28406561523e-05
16.3883746873 1.29659773574e-05
16.3983791896 1.32996709905e-05
16.4083836918 1.3432320387e-05
16.4183881941 1.37752867491e-05
16.4283926963 1.39155503544e-05
16.4383971986 1.4268111615e-05
16.4484017009 1.44162863263e-05
16.4584062031 1.47787764407e-05
16.4684107054 1.49351704758e-05
16.4784152076 1.5307935628e-05
16.4884197099 1.54728689491e-05
16.4984242121 1.58562680287e-05
16.5084287144 1.60300728099e-05
16.5184332166 1.64244778839e-05
16.5284377189 1.66074989707e-05
16.5384422211 1.70132957931e-05
16.5484467234 1.72058911966e-05
16.5584512256 1.76234797299e-05
16.5684557279 1.78260211412e-05
16.5784602301 1.82558160992e-05
16.5884647324 1.84686894165e-05
16.5984692346 1.8911120831e-05
16.6084737369 1.91347267144e-05
16.6184782391 1.95902405202e-05
16.6284827414 1.98249949671e-05
16.6384872436 2.02940536206e-05
16.6484917459 2.0540388561e-05
16.6584962481 2.10234716701e-05
16.6685007504 2.12818355864e-05
16.6785052526 2.17794405776e-05
16.6885097549 2.20502991625e-05
16.6985142571 2.25629419654e-05
16.7085187594 2.28467787826e-05
16.7185232616 2.33749945503e-05
16.7285277639 2.36723117488e-05
16.7385322661 2.42166556016e-05
16.7485367684 2.45279746343e-05
16.7585412706 2.50890224407e-05
16.7685457729 2.54148848302e-05
16.7785502751 2.59932340093e-05
16.7885547774 2.63342021405e-05
16.7985592796 2.69304725065e-05
16.8085637819 2.72871304444e-05
16.8185682841 2.79019650876e-05
16.8285727864 2.82749194433e-05
16.8385772886 2.890898563e-05
16.8485817909 2.92988664476e-05
16.8585862931 2.99528565853e-05
16.8685907954 3.03603182733e-05
16.8785952976 3.10349508883e-05
16.8885997999 3.14606731949e-05
16.8986043022 3.21566939672e-05
16.9086088044 3.26013829816e-05
16.9186133067 3.33195658225e-05
16.9286178089 3.37839550347e-05
16.9386223112 3.45251032016e-05
16.9486268134 3.50099545921e-05
16.9586313157 3.57749018476e-05
16.9686358179 3.62810070382e-05
16.9786403202 3.70706188868e-05
16.9886448224 3.75988003297e-05
16.9986493247 3.84139752531e-05
17.0086538269 3.89650874547e-05
17.0186583292 3.98067582606e-05
17.0286628314 4.03816891134e-05
17.0386673337 4.12508242919e-05
17.0486718359 4.18504963913e-05
17.0586763382 4.27481015645e-05
17.0686808404 4.33734736338e-05
17.0786853427 4.43005930403e-05
17.0886898449 4.49526613904e-05
17.0986943472 4.59103794568e-05
17.1086988494 4.65901795258e-05
17.1187033517 4.7579622489e-05
17.1287078539 4.82882304355e-05
17.1387123562 4.9310568044e-05
17.1487168584 5.00491024216e-05
17.1587213607 5.11055497132e-05
17.1687258629 5.18751731995e-05
17.1787303652 5.29669923454e-05
17.1887348674 5.3768913583e-05
17.1987393697 5.48974158235e-05
17.2087438719 5.57328912853e-05
17.2187483742 5.6899438953e-05
17.2287528764 5.7769774953e-05
17.2387573787 5.89757835732e-05
17.2487618809 5.98823383201e-05
17.2587663832 6.11292788132e-05
17.2687708854 6.20734645826e-05
17.2787753877 6.33628655669e-05
17.2887798899 6.43461509519e-05
17.2987843922 6.56796011455e-05
17.3087888944 6.67035134224e-05
17.3187933967 6.80826641544e-05
17.3287978989 6.9148791747e-05
17.3388024012 7.0575359582e-05
17.3488069035 7.16853546498e-05
17.3588114057 7.31611241319e-05
17.368815908 7.43167052629e-05
17.3788204102 7.58435317943e-05
17.3888249125 7.70464868211e-05
17.3988294147 7.86262996554e-05
17.408833917 7.98784886211e-05
17.4188384192 8.15132940127e-05
17.4288429215 8.28166522467e-05
17.4388474237 8.45085367342e-05
17.448851926 8.58650780946e-05
17.4588564282 8.76162119443e-05
17.4688609305 8.90280321999e-05
17.4788654327 9.0840673013e-05
17.488869935 9.23099533841e-05
17.4988744372 9.4186449872e-05
17.5088789395 9.57154607491e-05
17.5188834417 9.76582566816e-05
17.528887944 9.92493615101e-05
17.5388924462 0.000101260999865
17.5488969485 0.000102916659225
17.5589014507 0.000104999786525
17.568905953 0.000106722562406
17.5789104552 0.000108879933295
17.5889149575 0.000110672493565
17.5989194597 0.000112906975531
17.608923962 0.000114772098635
17.6189284642 0.000117086677087
17.6289329665 0.00011902725701
17.6389374687 0.000121425040489
17.648941971 0.000123444091886
17.6589464732 0.000125928317605
17.6689509755 0.000128028981257
17.6789554777 0.000130603020886
17.68895998 0.000132788569402
17.6989644822 0.000135455935163
17.7089689845 0.00013772977896
17.7189734867 0.000140494130016
17.728977989 0.00014285982364
17.7389824912 0.000145724972829
17.7489869935 0.000148186221542
17.7589914957 0.000151156142434
17.768995998 0.000153716809204
17.7790005003 0.000156795643546
17.7890050025 0.000159459756351
17.7990095048 0.00016265182189
17.809014007 0.000165423581435
17.8190185093 0.000168733380159
17.8290230115 0.000171617167978
17.8390275138 0.000175049394782
17.849032016 0.000178049781797
17.8590365183 0.000181609333628
17.8690410205 0.000184731089131
17.8790455228 0.000188423074629
17.889050025 0.000191671175788
17.8990545273 0.000195500925424
17.9090590295 0.000198880567284
17.9190635318 0.00020285364409
17.929068034 0.000206370250125
17.9390725363 0.000210492460994
17.9490770385 0.000214151694255
17.9590815408 0.000218429101883
17.969086043 0.000222236876758
17.9790905453 0.000226675812253
17.9890950475 0.000230638306896
17.9990995498 0.000235245383106
18.009104052 0.000239369052581
18.0191085543 0.000244151178191
18.0291130565 0.000248442768358
18.0391175588 0.000253407162802
18.049122061 0.000257873725018
18.0591265633 0.000263027934253
18.0691310655 0.000267676840934
18.0791355678 0.000273028754168
18.08914007 0.000277867715271
18.0991445723 0.00028342558266
18.1091490745 0.000288462663146
18.1191535768 0.000294235114595
18.129158079 0.000299478752964
18.1391625813 0.000305474818029
18.1491670835 0.000310933845963
18.1591715858 0.000317162975027
18.169176088 0.000322846638265
18.1791805903 0.000329318724986
18.1891850925 0.000335236705478
18.1991895948 0.000341962110673
18.209194097 0.000348124550169
18.2191985993 0.000355114127242
18.2292031016 0.000361531652349
18.2392076038 0.000368796774285
18.2492121061 0.000375480523155
18.2592166083 0.000383033111347
18.2692211106 0.000389994762112
18.2792256128 0.000397847317048
18.2892301151 0.000405099118123
18.2992346173 0.000413264752122
18.3092391196 0.000420819554551
18.3192436218 0.000429312026731
18.3292481241 0.000437183318707
18.3392526263 0.000446017072306
18.3492571286 0.000454219016071
18.3592616308 0.000463409218395
18.3692661331 0.000471956689697
18.3792706353 0.000481519274841
18.3892751376 0.000490427905171
18.3992796398 0.000500379619795
18.4092841421 0.000509665841644
18.4192886443 0.000520024294042
18.4292931466 0.000529705389433
18.4392976488 0.000540489102195
18.4493021511 0.000550583254771
18.4593066533 0.000561811721346
18.4693111556 0.000572338072343
18.4793156578 0.000584031817859
18.4893201601 0.000595010526308
18.4993246623 0.000607191173042
18.5093291646 0.000618643480597
18.5193336668 0.000631333818519
18.5293381691 0.000643282119315
18.5393426713 0.000656506182185
18.5493471736 0.000668974098263
18.5593516758 0.000682757245814
18.5693561781 0.000695769708572
18.5793606803 0.000710138715389
18.5893651826 0.000723722053712
18.5993696848 0.000738705205436
18.6093741871 0.000752887241154
18.6193786893 0.000768514438776
18.6293831916 0.000783324590179
18.6393876938 0.000799627463259
18.6493921961 0.000815096857527
18.6593966983 0.000832108887246
18.6694012006 0.000848270482714
18.6794057029 0.000866027135826
18.6894102051 0.000882915855141
18.6994147074 0.00090145472997
18.7094192096 0.000919107605342
18.7194237119 0.000938468591212
18.7294282141 0.00095692492304
18.7394327164 0.000977150374554
18.7494372186 0.000996451905079
18.7594417209 0.00101758683303
18.7694462231 0.00103777793654
18.7794507254 0.00105987021732
18.7894552276 0.00108099810899
18.7994597299 0.00110409871468
18.8094642321 0.00112621368029
18.8194687344 0.00115037693194
18.8294732366 0.00117353258076
18.8394777389 0.00119881642771
18.8494822411 0.00122306997173
18.8594867434 0.00124953630009
18.8694912456 0.00127494886267
18.8794957479 0.00130266383681
18.8895002501 0.00132930079447
18.8995047524 0.0013583352356
18.9095092546 0.00138626659746
18.9195137569 0.00141669640423
18.9295182591 0.00144599723378
18.9395227614 0.00147790385038
18.9495272636 0.00150865473536
18.9595317659 0.00154212567362
18.9695362681 0.00157441325046
18.9795407704 0.0016095426732
18.9895452726 0.00164346021359
18.9995497749 0.00168034958777
19.0095542771 0.00171599765595
19.0195587794 0.00175475648538
19.0295632816 0.00179224367605
19.0395677839 0.00183299032507
19.0495722861 0.00187243409364
19.0595767884 0.00191529671479
19.0695812906 0.00195682431316
19.0795857929 0.00200194189416
19.0895902951 0.00204569142761
19.0995947974 0.00209321497519
19.1095992996 0.00213933659831
19.1196038019 0.00218943047959
19.1296083042 0.00223808775212
19.1396128064 0.00229093121733
19.1496173087 0.00234230264423
19.1596218109 0.00239809155865
19.1696263132 0.00245237234269
19.1796308154 0.00251132116046
19.1896353177 0.00256872520028
19.1996398199 0.00263106921805
19.2096443222 0.00269183139033
19.2196488244 0.0027578293255
19.2296533267 0.00282220809633
19.2396578289 0.0028921450423
19.2496623312 0.00296042546085
19.2596668334 0.00303461628117
19.2696713357 0.00310711341807
19.2796758379 0.00318590665265
19.2896803402 0.00326296955686
19.2996848424 0.00334675192746
19.3096893447 0.00342876818958
19.3196938469 0.00351796980863
19.3296983492 0.00360537083572
19.3397028514 0.00370047124437
19.3497073537 0.00379373837357
19.3597118559 0.00389527356235
19.3697163582 0.00399494516894
19.3797208604 0.00410351577074
19.3897253627 0.00421019556444
19.3997298649 0.00432647645822
19.4097343672 0.0044408432132
19.4197388694 0.00456559484413
19.4297433717 0.00468841388152
19.4397478739 0.00482249569922
19.4497523762 0.00495463254703
19.4597568784 0.00509901910306
19.4697613807 0.00524145591564
19.4797658829 0.00539725636987
19.4897703852 0.00555111192982
19.4997748874 0.00571959403412
19.5097793897 0.00588614853122
19.5197838919 0.0060687686532
19.5297883942 0.00624949502213
19.5397928964 0.00644793655057
19.5497973987 0.00664454108422
19.559801901 0.00686076479938
19.5698064032 0.00707524125881
19.5798109055 0.0073115532451
19.5898154077 0.00754625712394
19.59981991 0.00780540302864
19.6098244122 0.00806315659444
19.6198289145 0.00834845628112
19.6298334167 0.00863270149153
19.639837919 0.00894824669408
19.6498424212 0.0092632736872
19.6598469235 0.00961422527239
19.6698514257 0.00996552151687
19.679855928 0.0103585659218
19.6898604302 0.0107533596581
19.6998649325 0.0111974217759
19.7098694347 0.0116455402804
19.719873937 0.0121529120781
19.7298784392 0.012668152361
19.7398829415 0.013256298618
19.7498874437 0.0138586348384
19.759891946 0.014553105702
19.7698964482 0.0152722656629
19.7799009505 0.0161114235302
19.7899054527 0.0169927080889
19.799909955 0.0180354356938
19.8099144572 0.0191492142575
19.8199189595 0.0204875324536
19.8299234617 0.0219447607705
19.839927964 0.0237245530305
19.8499324662 0.0257021397922
19.8599369685 0.0281573116854
19.8699414707 0.0309395255018
19.879945973 0.0344485734741
19.8899504752 0.0384943245338
19.8999549775 0.0436747912001
19.9099594797 0.0497256148338
19.919963982 0.0575947831302
19.9299684842 0.0668416627601
19.9399729865 0.0791051237925
19.9499774887 0.0934051010172
19.959981991 0.113090346439
19.9699864932 0.134802773775
19.9799909955 0.169671509017
19.9899954977 0.167784968115
20.0 0.138609678183
