0.001 3083.17980943
0.0110045022511 276.469944133
0.0210090045023 131.74531743
0.0310135067534 74.9606254084
0.0410180090045 48.219494137
0.0510225112556 33.1299157756
0.0610270135068 23.7715063132
0.0710315157579 17.6638012242
0.081036018009 13.4441304184
0.0910405202601 10.4799507066
0.101045022511 8.3044425947
0.111049524762 6.70428644697
0.121054027014 5.48065933652
0.131058529265 4.55037599398
0.141063031516 3.81613743564
0.151067533767 3.24309347172
0.161072036018 2.77869300009
0.171076538269 2.40812796749
0.18108104052 2.1007774541
0.191085542771 1.85071938546
0.201090045023 1.63897086381
0.211094547274 1.4636884394
0.221099049525 1.31246865309
0.231103551776 1.18534662324
0.241108054027 1.07383989579
0.251112556278 0.978815734352
0.261117058529 0.894237438374
0.27112156078 0.82129681383
0.281126063032 0.755545733376
0.291130565283 0.698254433605
0.301135067534 0.646044921922
0.311139569785 0.600149863953
0.321144072036 0.557936372635
0.331148574287 0.520549075161
0.341153076538 0.4858896259
0.351157578789 0.454997083252
0.361162081041 0.426167042586
0.371166583292 0.400331657578
0.381171085543 0.376083910046
0.391175587794 0.354255238993
0.401180090045 0.333667959967
0.411184592296 0.315062038369
0.421189094547 0.297439995965
0.431193596798 0.28146034739
0.44119809905 0.266269568495
0.451202601301 0.252454424978
0.461207103552 0.23927805683
0.471211605803 0.227264373685
0.481216108054 0.21577226336
0.491220610305 0.205270694689
0.501225112556 0.195198011265
0.511229614807 0.185975170407
0.521234117059 0.177107097187
0.53123861931 0.16897274742
0.541243121561 0.161133322702
0.551247623812 0.153930964777
0.561252126063 0.146974808575
0.571256628314 0.140574650092
0.581261130565 0.134380733523
0.591265632816 0.128674357249
0.601270135068 0.123141242109
0.611274637319 0.118037506251
0.62127913957 0.113079659804
0.631283641821 0.108501505715
0.641288144072 0.104046413811
0.651292646323 0.0999283519891
0.661297148574 0.0959142333471
0.671301650825 0.0922003434338
0.681306153077 0.0885743225693
0.691310655328 0.0852166477724
0.701315157579 0.0819332820245
0.71131965983 0.0788905297029
0.721324162081 0.0759106126455
0.731328664332 0.0731470950221
0.741333166583 0.0704366777205
0.751337668834 0.0679214427122
0.761342171086 0.0654510282154
0.771346673337 0.0631571420574
0.781351175588 0.0609010187532
0.791355677839 0.0588049707484
0.80136018009 0.0567406578336
0.811364682341 0.0548218640288
0.821369184592 0.0529296480851
0.831373686843 0.0511700355829
0.841378189095 0.0494325816256
0.851382691346 0.0478162389909
0.861387193597 0.0462182627194
0.871391695848 0.0447311448406
0.881396198099 0.0432591354309
0.89140070035 0.0418888134568
0.901405202601 0.0405307982819
0.911409704852 0.0392662470312
0.921414207104 0.0380115913084
0.931418709355 0.0368430079579
0.941423211606 0.0356822436032
0.951427713857 0.0346008925804
0.961432216108 0.0335255715764
0.971436718359 0.0325236514842
0.98144122061 0.0315262198915
0.991445722861 0.0305967490169
1.00145022511 0.0296704384267
1.01145472736 0.0288071559746
1.02145922961 0.0279458897415
1.03146373187 0.0271431704145
1.04146823412 0.0263414824513
1.05147273637 0.0255942623876
1.06147723862 0.0248472266668
1.07148174087 0.0241509390722
1.08148624312 0.0234541082759
1.09149074537 0.0228046273492
1.10149524762 0.0221539793597
1.11149974987 0.0215475713332
1.12150425213 0.0209394624546
1.13150875438 0.0203727427527
1.14151325663 0.0198038667307
1.15151775888 0.0192737624015
1.16152226113 0.0187411144451
1.17152676338 0.0182448311481
1.18153126563 0.0177456762781
1.19153576788 0.0172806692154
1.20154027014 0.0168125143644
1.21154477239 0.0163764626355
1.22154927464 0.0159370320049
1.23155377689 0.0155278159366
1.24155827914 0.015115029191
1.25156278139 0.014730710261
1.26156728364 0.014342663196
1.27157178589 0.0139814662201
1.28157628814 0.013616413593
1.2915807904 0.0132767108926
1.30158529265 0.0129330511459
1.3115897949 0.0126133484521
1.32159429715 0.0122896100994
1.3315987994 0.0119885339798
1.34160330165 0.0116833634514
1.3516078039 0.0113996500796
1.36161230615 0.0111118008541
1.3716168084 0.0108442859589
1.38162131066 0.0105726088296
1.39162581291 0.0103202186891
1.40163031516 0.0100636530325
1.41163481741 0.00982539638918
1.42163931966 0.00958296232091
1.43164382191 0.0093579231152
1.44164832416 0.00912871443294
1.45165282641 0.00891604526075
1.46165732866 0.00869922308554
1.47166183092 0.00849813930079
1.48166633317 0.00829292633996
1.49167083542 0.00810270073031
1.50167533767 0.00790837609411
1.51167983992 0.00772833406799
1.52168434217 0.00754422858011
1.53168884442 0.00737374381015
1.54169334667 0.0071992357597
1.55169784892 0.00703772623426
1.56170235118 0.00687223752266
1.57170685343 0.00671916196268
1.58171135568 0.00656215460453
1.59171585793 0.00641700920802
1.60172036018 0.00626798214959
1.61172486243 0.00613029763026
1.62172936468 0.00598878385325
1.63173386693 0.00585812274356
1.64173836918 0.00572368662574
1.65174287144 0.00559964081801
1.66174737369 0.00547187572518
1.67175187594 0.00535406422731
1.68175637819 0.00523259031382
1.69176088044 0.00512065719864
1.70176538269 0.00500511939655
1.71176988494 0.00489873192616
1.72177438719 0.00478879810465
1.73177888944 0.00468764501313
1.7417833917 0.00458300429228
1.75178789395 0.0044867942117
1.7617923962 0.00438715541614
1.77179689845 0.00429561543268
1.7818014007 0.00420070567202
1.79180590295 0.00411358000007
1.8018104052 0.00402314336467
1.81181490745 0.00394019212822
1.8218194097 0.00385398848975
1.83182391196 0.00377498660139
1.84182841421 0.00369279050881
1.85183291646 0.00361752663747
1.86183741871 0.00353912629992
1.87184192096 0.0034674019198
1.88184642321 0.00339259826884
1.89185092546 0.00332422678212
1.90185542771 0.00325283260638
1.91185992996 0.0031876385335
1.92186443222 0.00311947767941
1.93186893447 0.00305729591111
1.94187343672 0.0029922025443
1.95187793897 0.00293287765005
1.96188244122 0.00287069557209
1.97188694347 0.00281408116035
1.98189144572 0.00275466317631
1.99189594797 0.00270062130217
2.00190045023 0.00264382863476
2.01190495248 0.00259222925111
2.02190945473 0.00253793099756
2.03191395698 0.0024886514462
2.04191845923 0.00243672407451
2.05192296148 0.00238964861398
2.06192746373 0.00233997549521
2.07193196598 0.00229499486245
2.08193646823 0.00224746583631
2.09194097049 0.0022044768393
2.10194547274 0.00215898781035
2.11194997499 0.00211789294951
2.12195447724 0.00207434551156
2.13195897949 0.00203505262748
2.14196348174 0.00199335371405
2.15196798399 0.00195577565959
2.16197248624 0.00191583721836
2.17197698849 0.00187989155326
2.18198149075 0.00184163024273
2.191985993 0.00180723894897
2.20199049525 0.00177057585565
2.2119949975 0.00173766507203
2.22199949975 0.00170252544654
2.232004002 0.00167102522104
2.24200850425 0.00163733823186
2.2520130065 0.00160718229044
2.26201750875 0.0015748807938
2.27202201101 0.00154600632445
2.28202651326 0.00151502664944
2.29203101551 0.00148737410032
2.30203551776 0.00145765584785
2.31204002001 0.00143116873859
2.32204452226 0.0014026545934
2.33204902451 0.00137727933854
2.34205352676 0.00134991489317
2.35205802901 0.00132560063687
2.36206253127 0.00129933422695
2.37206703352 0.0012760326882
2.38207153577 0.00125081523799
2.39207603802 0.00122848056562
2.40208054027 0.00120426544333
2.41208504252 0.00118285408005
2.42208954477 0.0011595969621
2.43209404702 0.001139067517
2.44209854927 0.0011167262607
2.45210305153 0.0010970393896
2.46210755378 0.00107557391365
2.47211205603 0.00105669220685
2.48211655828 0.00103606437905
2.49212106053 0.00101795225581
2.50212556278 0.000998125787665
2.51213006503 0.000980749397151
2.52213456728 0.000961689744693
2.53213906953 0.000945016872835
2.54214357179 0.000926691143465
2.55214807404 0.000910691125362
2.56215257629 0.000893067990143
2.57215707854 0.000877711627672
2.58216158079 0.000860761238839
2.59216608304 0.000846020723109
2.60217058529 0.000829714636366
2.61217508754 0.000815563474713
2.62217958979 0.000799874576064
2.63218409205 0.000786287523279
2.6421885943 0.000771189960091
2.65219309655 0.000758142953623
2.6621975988 0.000743612069621
2.67220210105 0.000731082168513
2.6822066033 0.000717094442516
2.69221110555 0.000705059769792
2.7022156078 0.000691592757889
2.71222011006 0.000680032446234
2.72222461231 0.000667064727234
2.73222911456 0.000655958867733
2.74223361681 0.000643469991661
2.75223811906 0.00063279958538
2.76224262131 0.000620770024851
2.77224712356 0.000610516937158
2.78225162581 0.000598928041427
2.79225612806 0.000589074958789
2.80226063032 0.000577908910334
2.81226513257 0.000568439299537
2.82226963482 0.00055767907301
2.83227413707 0.000548577142587
2.84227863932 0.000538206466007
2.85228314157 0.000529457129755
2.86228764382 0.000519460447776
2.87229214607 0.000511049290272
2.88229664832 0.000501411729451
2.89230115058 0.000493324973397
2.90230565283 0.000484032309295
2.91231015508 0.000476256784619
2.92231465733 0.000467295410668
2.93231915958 0.000459818525273
2.94232366183 0.000451175423261
2.95232816408 0.000443985135307
2.96233266633 0.000435647847451
2.97233716858 0.000428732639112
2.98234167084 0.000420689241549
2.99234617309 0.000414038094127
3.00235067534 0.000406277171817
3.01235517759 0.000399879542166
3.02235967984 0.000392390165071
3.03236418209 0.000386235963222
3.04236868434 0.000379007663704
3.05237318659 0.000373087231658
3.06237768884 0.000366109983073
3.0723821911 0.000360414074678
3.08238669335 0.000353678271006
3.0923911956 0.000348198032856
3.10239569785 0.000341694469392
3.1124002001 0.000336421422688
3.12240470235 0.000330141277709
3.1324092046 0.00032506730105
3.14241370685 0.000319002118376
3.1524182091 0.000314119431408
3.16242271136 0.000308261103855
3.17242721361 0.000303562251728
3.18243171586 0.000297903005377
3.19243621811 0.000293380843979
3.20244072036 0.000287913223209
3.21244522261 0.000283560905147
3.22244972486 0.000278277758419
3.23245422711 0.000274088719657
3.24245872936 0.000268983185981
3.25246323162 0.000264951133166
3.26246773387 0.000260016629232
3.27247223612 0.000256135527618
3.28247673837 0.000251365735547
3.29248124062 0.000247629797505
3.30248574287 0.000243018653203
3.31249024512 0.000239422327305
3.32249474737 0.000234964009341
3.33249924962 0.000231501969945
3.34250375188 0.000227190889004
3.35250825413 0.000223858026348
3.36251275638 0.000219688815152
3.37251725863 0.000216480225928
3.38252176088 0.000212447729652
3.39252626313 0.000209358708011
3.40253076538 0.000205457975138
3.41253526763 0.000202484004131
3.42253976988 0.000198710277746
3.43254427214 0.000195847021171
3.44254877439 0.000192195730652
3.45255327664 0.000189439025267
3.46255777889 0.000185905778368
3.47256228114 0.000183251626477
3.48256678339 0.000179832201782
3.49257128564 0.000177276764179
3.50257578789 0.00017396710388
3.51258029015 0.000171506693087
3.5225847924 0.000168302896131
3.53258929465 0.000165933969976
3.5425937969 0.00016283228549
3.55259829915 0.000160551440966
3.5626028014 0.000157548261997
3.57260730365 0.0001553522294
3.5826118059 0.000152444086941
3.59261630815 0.000150329724287
3.60262081041 0.00014751328156
3.61262531266 0.000145477569241
3.62262981491 0.000142749616256
3.63263431716 0.000140789651943
3.64263881941 0.000138147100278
3.65264332166 0.000136260094055
3.66264782391 0.000133699971882
3.67265232616 0.000131883241597
3.68265682841 0.000129402688934
3.69266133067 0.000127653655747
3.70266583292 0.000125249919893
3.71267033517 0.000123566104042
3.72267483742 0.00012123653525
3.73267933967 0.000119615551978
3.74268384192 0.000117357599293
3.75268834417 0.000115797154989
3.76269284642 0.000113608362271
3.77269734867 0.000112106250742
3.78270185093 0.000109984252869
3.79270635318 0.000108538351809
3.80271085543 0.000106480871038
3.81271535768 0.000105089138623
3.82271985993 0.00010309398111
3.83272436218 0.000101754452762
3.84272886443 9.98195052387e-05
3.85273336668 9.85302905179e-05
3.86273786893 9.66535170939e-05
3.87274237119 9.54127967272e-05
3.88274687344 9.35922358501e-05
3.89275137569 9.23982588958e-05
3.90275587794 9.06320204227e-05
3.91276038019 8.94831015396e-05
3.92276488244 8.77693639431e-05
3.93276938469 8.66638807897e-05
3.94277388694 8.50008884785e-05
3.95277838919 8.39372792209e-05
3.96278289145 8.23233399684e-05
3.9727873937 8.13001008868e-05
3.98279189595 7.97335833832e-05
3.9927963982 7.87492665916e-05
4.00280090045 7.72285980758e-05
4.0128054027 7.62818093273e-05
4.02280990495 7.48054733348e-05
4.0328144072 7.38948699152e-05
4.04281890945 7.24614041176e-05
4.05282341171 7.15856928431e-05
4.06282791396 7.01936869655e-05
4.07283241621 6.93516222546e-05
4.08283691846 6.79997160917e-05
4.09284142071 6.71900981087e-05
4.10284592296 6.58769796162e-05
4.11285042521 6.50986525115e-05
4.12285492746 6.38230559738e-05
4.13285942971 6.30749061771e-05
4.14286393197 6.18356104578e-05
4.15286843422 6.11165650541e-05
4.16287293647 5.99123919065e-05
4.17287743872 5.92214170753e-05
4.18288194097 5.8051229539e-05
4.19288644322 5.73873290496e-05
4.20289094547 5.62500298834e-05
4.21289544772 5.56122436693e-05
4.22289994997 5.45067738766e-05
4.23290445223 5.3894176646e-05
4.24290895448 5.28195140401e-05
4.25291345673 5.22312139701e-05
4.26291795898 5.11863718168e-05
4.27292246123 5.06215092599e-05
4.28292696348 4.96055349426e-05
4.29293146573 4.90632812343e-05
4.30293596798 4.80752550007e-05
4.31294047024 4.75548112702e-05
4.32294497249 4.65938450234e-05
4.33294947474 4.60944410871e-05
4.34295397699 4.51596772096e-05
4.35295847924 4.4680570487e-05
4.36296298149 4.3771180727e-05
4.37296748374 4.33116552003e-05
4.38297198599 4.24268396005e-05
4.39297648824 4.1986204834e-05
4.4029809905 4.11251906881e-05
4.41298549275 4.07027808651e-05
4.422989995 3.98648217331e-05
4.43299449725 3.94599947452e-05
4.4429989995 3.8644369498e-05
4.45300350175 3.82565060579e-05
4.463008004 3.74625179535e-05
4.47301250625 3.70910207563e-05
4.4830170085 3.63179965657e-05
4.49302151076 3.59622894721e-05
4.50302601301 3.52095786316e-05
4.51303051526 3.48691058891e-05
4.52303501751 3.41360796776e-05
4.53303951976 3.3810305174e-05
4.54304402201 3.30963559392e-05
4.55304852426 3.27847624676e-05
4.56305302651 3.20893028659e-05
4.57305752876 3.17913914484e-05
4.58306203102 3.11138537172e-05
4.59306653327 3.08291429304e-05
4.60307103552 3.01689782012e-05
4.61307553777 2.98970035346e-05
4.62308004002 2.92536811546e-05
4.63308454227 2.89939943935e-05
4.64308904452 2.8367001277e-05
4.65309354677 2.81191699173e-05
4.66309804902 2.75080099382e-05
4.67310255128 2.72716166058e-05
4.68310705353 2.66758099805e-05
4.69311155578 2.64504518964e-05
4.70311605803 2.58695346276e-05
4.71312056028 2.56548230649e-05
4.72312506253 2.50883463772e-05
4.73312956478 2.48839061693e-05
4.74313406703 2.43314359741e-05
4.75313856928 2.4136905014e-05
4.76314307154 2.35980214068e-05
4.77314757379 2.34130501931e-05
4.78315207604 2.2887346946e-05
4.79315657829 2.27115981104e-05
4.80316108054 2.21986822127e-05
4.81316558279 2.2031830101e-05
4.82317008504 2.15313212859e-05
4.83317458729 2.1373051535e-05
4.84317908954 2.08845818502e-05
4.8531835918 2.07345909899e-05
4.86318809405 2.02578043567e-05
4.8731925963 2.01157994049e-05
4.88319709855 1.96503512299e-05
4.8932016008 1.95160493409e-05
4.90320610305 1.90616061029e-05
4.9132106053 1.89347341994e-05
4.92321510755 1.84909730836e-05
4.9332196098 1.8371267505e-05
4.94322411206 1.79378760259e-05
4.95322861431 1.7825082203e-05
4.96323311656 1.74017578597e-05
4.97323761881 1.72956299903e-05
4.98324212106 1.68820799236e-05
4.99324662331 1.67823806619e-05
5.00325112556 1.63783213186e-05
5.01325562781 1.62848214855e-05
5.02326013007 1.58899783179e-05
5.03326463232 1.58024565991e-05
5.04326913457 1.54165637506e-05
5.05327363682 1.5334806439e-05
5.06327813907 1.49576064469e-05
5.07328264132 1.48814071603e-05
5.08328714357 1.45126506876e-05
5.09329164582 1.44418101233e-05
5.10329614807 1.40812556664e-05
5.11330065033 1.40155813456e-05
5.12330515258 1.36629949885e-05
5.13330965483 1.36023010268e-05
5.14331415708 1.32574561743e-05
5.15331865933 1.3201563045e-05
5.16332316158 1.2864240186e-05
5.17332766383 1.28129745008e-05
5.18333216608 1.24829609708e-05
5.19333666833 1.24361552704e-05
5.20334117059 1.21132450155e-05
5.21334567284 1.20707375631e-05
5.22335017509 1.17547309364e-05
5.23335467734 1.17163655083e-05
5.24335917959 1.14070690411e-05
5.25336368184 1.13726947585e-05
5.26336818409 1.10699209636e-05
5.27337268634 1.10393920863e-05
5.28337718859 1.07429592647e-05
5.29338169085 1.07161350249e-05
5.3033861931 1.04258670663e-05
5.31339069535 1.04026114951e-05
5.3233951976 1.01183377005e-05
5.33339969985 1.00985194639e-05
5.3434042021 9.8200743609e-06
5.35340870435 9.80356660093e-06
5.3634132066 9.53078978575e-06
5.37341770885 9.51746995859e-06
5.38342221111 9.25020591351e-06
5.39342671336 9.23995565835e-06
5.40343121561 8.97805360687e-06
5.41343571786 8.97075858779e-06
5.42344022011 8.7140723321e-06
5.43344472236 8.70962210349e-06
5.44344922461 8.45800988014e-06
5.45345372686 8.45629776137e-06
5.46345822911 8.20962209102e-06
5.47346273137 8.21054502748e-06
5.48346723362 7.96867258267e-06
5.49347173587 7.97213103381e-06
5.50347623812 7.73493250377e-06
5.51348074037 7.7408303116e-06
5.52348524262 7.50818026975e-06
5.53348974487 7.51642455093e-06
5.54349424712 7.2882013365e-06
5.55349874937 7.29870237077e-06
5.56350325163 7.07478795526e-06
5.57350775388 7.08745907841e-06
5.58351225613 6.86773896413e-06
5.59351675838 6.88249646032e-06
5.60352126063 6.66685955702e-06
5.61352576288 6.68362256046e-06
5.62353026513 6.4719610811e-06
5.63353476738 6.49065148732e-06
5.64353926963 6.28286084093e-06
5.65354377189 6.30340319914e-06
5.66354827414 6.09938188985e-06
5.67355277639 6.12170332759e-06
5.68355727864 5.92135285695e-06
5.69356178089 5.94538298483e-06
5.70356628314 5.74860775229e-06
5.71357078539 5.77427858186e-06
5.72357528764 5.58098580763e-06
5.73357978989 5.60823166769e-06
5.74358429215 5.41833128042e-06
5.7535887944 5.44708874904e-06
5.76359329665 5.26049332042e-06
5.7735977989 5.29070113886e-06
5.78360230115 5.10732579043e-06
5.7936068034 5.13892479642e-06
5.80361130565 4.95868712269e-06
5.8136158079 4.99162017319e-06
5.82362031016 4.81444016661e-06
5.83362481241 4.84865208123e-06
5.84362931466 4.67445204941e-06
5.85363381691 4.70988953599e-06
5.86363831916 4.53859403748e-06
5.87364282141 4.57520562782e-06
5.88364732366 4.40674139722e-06
5.89365182591 4.44447739537e-06
5.90365632816 4.27877327795e-06
5.91366083042 4.31758569113e-06
5.92366533267 4.15457257548e-06
5.93366983492 4.19441506102e-06
5.94367433717 4.03402581741e-06
5.95367883942 4.07485363144e-06
5.96368334167 3.91702305452e-06
5.97368784392 3.95879298763e-06
5.98369234617 3.80345771715e-06
5.99369684842 3.84612806022e-06
6.00370135068 3.69322655889e-06
6.01370585293 3.73675703613e-06
6.02371035518 3.5862295007e-06
6.03371485743 3.6305812291e-06
6.04371935968 3.48236955659e-06
6.05372386193 3.52750500577e-06
6.06372836418 3.38155272739e-06
6.07373286643 3.42743566038e-06
6.08373736868 3.28368790823e-06
6.09374187094 3.33028335336e-06
6.10374637319 3.18868680294e-06
6.11375087544 3.23596100158e-06
6.12375537769 3.09646381276e-06
6.13375987994 3.144384183e-06
6.14376438219 3.00693597613e-06
6.15376888444 3.05547107085e-06
6.16377338669 2.92002287209e-06
6.17377788894 2.96914234557e-06
6.1837823912 2.83564653929e-06
6.19378689345 2.88532110945e-06
6.2037913957 2.75373140726e-06
6.21379589795 2.80393281559e-06
6.2238004002 2.67420421077e-06
6.23380490245 2.72490519695e-06
6.2438094047 2.59699392519e-06
6.25381390695 2.64816818722e-06
6.2638184092 2.52203169136e-06
6.27382291146 2.57365385232e-06
6.28382741371 2.44925074745e-06
6.29383191596 2.50129633468e-06
6.30383641821 2.37858636521e-06
6.31384092046 2.43103176926e-06
6.32384542271 2.30997578592e-06
6.33384992496 2.36279823826e-06
6.34385442721 2.24335816014e-06
6.35385892946 2.29653570263e-06
6.36386343172 2.17867447706e-06
6.37386793397 2.23218594136e-06
6.38387243622 2.11586753208e-06
6.39387693847 2.16969249733e-06
6.40388144072 2.05488183752e-06
6.41388594297 2.10900062781e-06
6.42389044522 1.99566359696e-06
6.43389494747 2.05005724036e-06
6.44389944972 1.93816063578e-06
6.45390395198 1.99281084434e-06
6.46390845423 1.88232235891e-06
6.47391295648 1.93721151209e-06
6.48391745873 1.82809970191e-06
6.49392196098 1.88321081647e-06
6.50392646323 1.77544507369e-06
6.51393096548 1.83076178829e-06
6.52393546773 1.72431232346e-06
6.53393996998 1.77981887494e-06
6.54394447224 1.67465668784e-06
6.55394897449 1.73033789358e-06
6.56395347674 1.62643475341e-06
6.57395797899 1.68227598988e-06
6.58396248124 1.57960440995e-06
6.59396698349 1.63559159586e-06
6.60397148574 1.53412481387e-06
6.61397598799 1.59024439168e-06
6.62398049025 1.48995634627e-06
6.6339849925 1.54619526381e-06
6.64398949475 1.4470605771e-06
6.653993997 1.50340627096e-06
6.66399849925 1.40540022514e-06
6.6740030015 1.46184061038e-06
6.68400750375 1.36493913352e-06
6.694012006 1.42146257862e-06
6.70401650825 1.32564222378e-06
6.71402101051 1.38223753647e-06
6.72402551276 1.2874754571e-06
6.73403001501 1.34413188053e-06
6.74403451726 1.2504058262e-06
6.75403901951 1.30711301117e-06
6.76404352176 1.21440129929e-06
6.77404802401 1.27114929619e-06
6.78405252626 1.17943080317e-06
6.79405702851 1.23621005613e-06
6.80406153077 1.14546419064e-06
6.81406603302 1.20226550734e-06
6.82407053527 1.11247220905e-06
6.83407503752 1.1692867644e-06
6.84407953977 1.0804264849e-06
6.85408404202 1.13724580138e-06
6.86408854427 1.04929947733e-06
6.87409304652 1.10611541589e-06
6.88409754877 1.0190644724e-06
6.89410205103 1.07586921957e-06
6.90410655328 9.8969554587e-07
6.91411105553 1.04648160255e-06
6.92411555778 9.61167541492e-07
6.93412006003 1.01792771442e-06
6.94412456228 9.33456053256e-07
6.95412906453 9.90183444064e-07
6.96413356678 9.0653738933e-07
6.97413806903 9.63225383836e-07
6.98414257129 8.80388570762e-07
6.99414707354 9.37030829819e-07
7.00415157579 8.54987290776e-07
7.01415607804 9.11577741453e-07
7.02416058029 8.30311904215e-07
7.03416508254 8.86844731181e-07
7.04416958479 8.06341407409e-07
7.05417408704 8.62811040997e-07
7.06417858929 7.8305540711e-07
7.07418309155 8.39456525332e-07
7.0841875938 7.60434128077e-07
7.09419209605 8.16761631e-07
7.1041965983 7.38458366095e-07
7.11420110055 7.94707382648e-07
7.1242056028 7.17109483389e-07
7.13421010505 7.73275360541e-07
7.1442146073 6.96369394196e-07
7.15421910955 7.52447686462e-07
7.16422361181 6.76220545347e-07
7.17422811406 7.32207009005e-07
7.18423261631 6.56645898315e-07
7.19423711856 7.12536485562e-07
7.20424162081 6.37628913131e-07
7.21424612306 6.93419765067e-07
7.22425062531 6.1915353934e-07
7.23425512756 6.74840980794e-07
7.24425962981 6.0120419741e-07
7.25426413207 6.56784726306e-07
7.26426863432 5.83765761473e-07
7.27427313657 6.39236050575e-07
7.28427763882 5.66823555554e-07
7.29428214107 6.22180431676e-07
7.30428664332 5.50363320236e-07
7.31429114557 6.05603776228e-07
7.32429564782 5.34371222279e-07
7.33430015008 5.89492411526e-07
7.34430465233 5.18833841159e-07
7.35430915458 5.7383305173e-07
7.36431365683 5.03738132393e-07
7.37431815908 5.58612803312e-07
7.38432266133 4.89071446519e-07
7.39432716358 5.43819149104e-07
7.40433166583 4.74821494232e-07
7.41433616808 5.294399417e-07
7.42434067034 4.60976353453e-07
7.43434517259 5.15463374077e-07
7.44434967484 4.47524437468e-07
7.45435417709 5.01877998431e-07
7.46435867934 4.34454510259e-07
7.47436318159 4.88672689466e-07
7.48436768384 4.21755655069e-07
7.49437218609 4.75836650129e-07
7.50437668834 4.09417281894e-07
7.5143811906 4.63359396266e-07
7.52438569285 3.97429094041e-07
7.5343901951 4.51230747557e-07
7.54439469735 3.85781108263e-07
7.5543991996 4.39440818067e-07
7.56440370185 3.74463627515e-07
7.5744082041 4.27980013197e-07
7.58441270635 3.63467232575e-07
7.5944172086 4.16839010396e-07
7.60442171086 3.52782784485e-07
7.61442621311 4.06008763562e-07
7.62443071536 3.4240140188e-07
7.63443521761 3.95480483437e-07
7.64443971986 3.32314469667e-07
7.65444422211 3.85245640084e-07
7.66444872436 3.2251362009e-07
7.67445322661 3.7529594546e-07
7.68445772886 3.12990720573e-07
7.69446223112 3.65623357888e-07
7.70446673337 3.03737881461e-07
7.71447123562 3.56220055915e-07
7.72447573787 2.94747445645e-07
7.73448024012 3.47078460216e-07
7.74448474237 2.86011965839e-07
7.75448924462 3.38191198973e-07
7.76449374687 2.77524220429e-07
7.77449824912 3.29551116578e-07
7.78450275138 2.69277192292e-07
7.79450725363 3.21151266877e-07
7.80451175588 2.61264070636e-07
7.81451625813 3.1298489593e-07
7.82452076038 2.53478234235e-07
7.83452526263 3.05045454991e-07
7.84452976488 2.45913261461e-07
7.85453426713 2.97326577717e-07
7.86453876938 2.38562916888e-07
7.87454327164 2.89822085105e-07
7.88454777389 2.3142113448e-07
7.89455227614 2.82525968496e-07
7.90455677839 2.2448203596e-07
7.91456128064 2.75432401796e-07
7.92456578289 2.1773989955e-07
7.93457028514 2.68535719067e-07
7.94457478739 2.11189182943e-07
7.95457928964 2.61830420862e-07
7.9645837919 2.04824494545e-07
7.97458829415 2.55311171696e-07
7.9845927964 1.98640600262e-07
7.99459729865 2.48972775841e-07
8.0046018009 1.92632415675e-07
8.01460630315 2.42810200295e-07
8.0246108054 1.86795014669e-07
8.03461530765 2.36818548061e-07
8.0446198099 1.81123586128e-07
8.05462431216 2.30993067199e-07
8.06462881441 1.75613485012e-07
8.07463331666 2.25329140457e-07
8.08463781891 1.70260189916e-07
8.09464232116 2.19822287432e-07
8.10464682341 1.65059305106e-07
8.11465132566 2.1446814893e-07
8.12465582791 1.6000656987e-07
8.13466033017 2.09262496584e-07
8.14466483242 1.55097839992e-07
8.15466933467 2.04201222056e-07
8.16467383692 1.50329094372e-07
8.17467833917 1.99280335329e-07
8.18468284142 1.45696423194e-07
8.19468734367 1.94495959596e-07
8.20469184592 1.41196035089e-07
8.21469634817 1.89844329619e-07
8.22470085043 1.36824244263e-07
8.23470535268 1.85321791757e-07
8.24470985493 1.32577470929e-07
8.25471435718 1.80924792446e-07
8.26471885943 1.28452242585e-07
8.27472336168 1.76649881124e-07
8.28472786393 1.24445181592e-07
8.29473236618 1.72493711931e-07
8.30473686843 1.20553008973e-07
8.31474137069 1.68453026351e-07
8.32474587294 1.16772542663e-07
8.33475037519 1.64524664086e-07
8.34475487744 1.13100689574e-07
8.35475937969 1.60705558265e-07
8.36476388194 1.09534449025e-07
8.37476838419 1.56992723866e-07
8.38477288644 1.06070902373e-07
8.39477738869 1.5338326791e-07
8.40478189095 1.02707220112e-07
8.4147863932 1.49874377573e-07
8.42479089545 9.94406534445e-08
8.4347953977 1.46463318852e-07
8.44479989995 9.6268524477e-08
8.4548044022 1.43147439562e-07
8.46480890445 9.31882485101e-08
8.4748134067 1.39924166745e-07
8.48481790895 9.01973015723e-08
8.49482241121 1.36790990096e-07
8.50482691346 8.72932383855e-08
8.51483141571 1.33745485682e-07
8.52483591796 8.44736867134e-08
8.53484042021 1.30785293259e-07
8.54484492246 8.17363431437e-08
8.55484942471 1.27908122427e-07
8.56485392696 7.90789630695e-08
8.57485842921 1.25111743626e-07
8.58486293147 7.64993761017e-08
8.59486743372 1.22393997338e-07
8.60487193597 7.39954698741e-08
8.61487643822 1.19752785317e-07
8.62488094047 7.15651951389e-08
8.63488544272 1.17186066707e-07
8.64488994497 6.9206563472e-08
8.65489444722 1.14691867038e-07
8.66489894947 6.69176410893e-08
8.67490345173 1.12268262034e-07
8.68490795398 6.46965546285e-08
8.69491245623 1.09913388515e-07
8.70491695848 6.25414835795e-08
8.71492146073 1.07625432541e-07
8.72492596298 6.04506589142e-08
8.73493046523 1.05402637524e-07
8.74493496748 5.84223671696e-08
8.75493946973 1.03243296598e-07
8.76494397199 5.6454944094e-08
8.77494847424 1.01145754753e-07
8.78495297649 5.45467720947e-08
8.79495747874 9.91083991951e-08
8.80496198099 5.26962839868e-08
8.81496648324 9.71296718987e-08
8.82497098549 5.09019591984e-08
8.83497548774 9.52080592321e-08
8.84497998999 4.91623175181e-08
8.85498449225 9.33420859165e-08
8.8649889945 4.74759292554e-08
8.87499349675 9.15303293231e-08
8.884997999 4.58414025632e-08
8.89500250125 8.9771402229e-08
8.9050070035 4.42573895889e-08
8.91501150575 8.80639626617e-08
8.925016008 4.27225825528e-08
8.93502051026 8.64067061766e-08
8.94502501251 4.12357103563e-08
8.95502951476 8.47983696506e-08
8.96503401701 3.97955445925e-08
8.97503851926 8.32377247184e-08
8.98504302151 3.84008893936e-08
8.99504752376 8.17235828962e-08
9.00505202601 3.70505895197e-08
9.01505652826 8.02547896106e-08
9.02506103052 3.57435201505e-08
9.03506553277 7.88302294016e-08
9.04507003502 3.44785970763e-08
9.05507453727 7.74488114827e-08
9.06507903952 3.32547629868e-08
9.07508354177 7.61094896571e-08
9.08508804402 3.20709957505e-08
9.09509254627 7.48112399703e-08
9.10509704852 3.09263058196e-08
9.11510155078 7.35530807982e-08
9.12510605303 2.9819737316e-08
9.13511055528 7.23340522834e-08
9.14511505753 2.87503548884e-08
9.15511955978 7.11532242194e-08
9.16512406203 2.77172640286e-08
9.17512856428 7.00097041353e-08
9.18513306653 2.67195899215e-08
9.19513756878 6.89026172173e-08
9.20514207104 2.57564886268e-08
9.21514657329 6.78311236212e-08
9.22515107554 2.48271486801e-08
9.23515557779 6.6794409578e-08
9.24516008004 2.39307703553e-08
9.25516458229 6.57916817825e-08
9.26516908454 2.3066599714e-08
9.27517358679 6.4822181607e-08
9.28517808904 2.223389001e-08
9.2951825913 6.38851672259e-08
9.30518709355 2.14319313577e-08
9.3151915958 6.29799270052e-08
9.32519609805 2.06600289269e-08
9.3352006003 6.21057691209e-08
9.34520510255 1.99175174337e-08
9.3552096048 6.12620270409e-08
9.36521410705 1.92037505734e-08
9.3752186093 6.04480569428e-08
9.38522311156 1.85181095191e-08
9.39522761381 5.9663236811e-08
9.40523211606 1.78599884607e-08
9.41523661831 5.8906965012e-08
9.42524112056 1.72288110609e-08
9.43524562281 5.81786628785e-08
9.44525012506 1.66240191296e-08
9.45525462731 5.74777721241e-08
9.46525912956 1.60450672767e-08
9.47526363182 5.68037498072e-08
9.48526813407 1.54914469869e-08
9.49527263632 5.61560830947e-08
9.50527713857 1.49626511291e-08
9.51528164082 5.55342690008e-08
9.52528614307 1.44581992194e-08
9.53529064532 5.4937827006e-08
9.54529514757 1.39776336381e-08
9.55529964982 5.43662936387e-08
9.56530415208 1.35205058088e-08
9.57530865433 5.38192257153e-08
9.58531315658 1.30863919623e-08
9.59531765883 5.32961969083e-08
9.60532216108 1.26748823954e-08
9.61532666333 5.27967963542e-08
9.62533116558 1.22855855788e-08
9.63533566783 5.2320632772e-08
9.64534017009 1.19181230246e-08
9.65534467234 5.18673297608e-08
9.66534917459 1.15721396763e-08
9.67535367684 5.1436528189e-08
9.68535817909 1.12472927816e-08
9.69536268134 5.10278851892e-08
9.70536718359 1.09432517571e-08
9.71537168584 5.06410723843e-08
9.72537618809 1.06597089259e-08
9.73538069035 5.02757781035e-08
9.7453851926 1.03963618839e-08
9.75538969485 4.99317023435e-08
9.7653941971 1.01529325422e-08
9.77539869935 4.96085605985e-08
9.7854032016 9.92915122063e-09
9.79540770385 4.93060943455e-08
9.8054122061 9.72476967175e-09
9.81541670835 4.90240425909e-08
9.82542121061 9.53954417388e-09
9.83542571286 4.87621696378e-08
9.84543021511 9.37325418946e-09
9.85543471736 4.85202487508e-08
9.86543921961 9.22568581013e-09
9.87544372186 4.82980686063e-08
9.88544822411 9.09664109762e-09
9.89545272636 4.80954300813e-08
9.90545722861 8.98593854008e-09
9.91546173087 4.79121512583e-08
9.92546623312 8.89340607894e-09
9.93547073537 4.77480583978e-08
9.94547523762 8.81888384487e-09
9.95547973987 4.7602994726e-08
9.96548424212 8.76222795916e-09
9.97548874437 4.74768117886e-08
9.98549324662 8.723305075e-09
9.99549774887 4.73693799825e-08
10.0055022511 8.70199756643e-09
10.0155067534 4.72805775406e-08
10.0255112556 8.69819313611e-09
10.0355157579 4.72102933313e-08
10.0455202601 8.71180067413e-09
10.0555247624 4.71584406331e-08
10.0655292646 8.74273432005e-09
10.0755337669 4.7124926295e-08
10.0855382691 8.79092282644e-09
10.0955427714 4.71096821914e-08
10.1055472736 8.85630804761e-09
10.1155517759 4.71126501826e-08
10.1255562781 8.93884076716e-09
10.1355607804 4.71337810025e-08
10.1455652826 9.03848597195e-09
10.1555697849 4.71730443501e-08
10.1655742871 9.15521985572e-09
10.1755787894 4.72304076273e-08
10.1855832916 9.28902958753e-09
10.1955877939 4.73058643666e-08
10.2055922961 9.43991408278e-09
10.2155967984 4.73994130421e-08
10.2256013007 9.60788603475e-09
10.2356058029 4.7511063541e-08
10.2456103052 9.79295942589e-09
10.2556148074 4.76408394765e-08
10.2656193097 9.99518025339e-09
10.2756238119 4.77887756596e-08
10.2856283142 1.02145841994e-08
10.2956328164 4.79549163259e-08
10.3056373187 1.04512327733e-08
10.3156418209 4.81393226618e-08
10.3256463232 1.07051905937e-08
10.3356508254 4.83420538812e-08
10.3456553277 1.09765377295e-08
10.3556598299 4.85631986718e-08
10.3656643322 1.12653608633e-08
10.3756688344 4.88028470702e-08
10.3856733367 1.15717685649e-08
10.3956778389 4.9061099167e-08
10.4056823412 1.18958709104e-08
10.4156868434 4.93380720482e-08
10.4256913457 1.22377910404e-08
10.4356958479 4.9633893537e-08
10.4457003502 1.25976689052e-08
10.4557048524 4.99486963757e-08
10.4657093547 1.29756514741e-08
10.4757138569 5.02826365232e-08
10.4857183592 1.33718962877e-08
10.4957228614 5.06358715576e-08
10.5057273637 1.37865775904e-08
10.5157318659 5.10085738202e-08
10.5257363682 1.42198742453e-08
10.5357408704 5.14009327484e-08
10.5457453727 1.46719855094e-08
10.5557498749 5.18131396172e-08
10.5657543772 1.51431147165e-08
10.5757588794 5.22454088488e-08
10.5857633817 1.5633483457e-08
10.5957678839 5.26979571076e-08
10.6057723862 1.61433198826e-08
10.6157768884 5.31710195252e-08
10.6257813907 1.66728694037e-08
10.6357858929 5.36648442497e-08
10.6457903952 1.72223827421e-08
10.6557948974 5.41796854384e-08
10.6657993997 1.779213307e-08
10.675803902 5.471581583e-08
10.6858084042 1.8382398835e-08
10.6958129065 5.52735173105e-08
10.7058174087 1.89934727225e-08
10.715821911 5.58530927598e-08
10.7258264132 1.96256598617e-08
10.7358309155 5.64548429008e-08
10.7458354177 2.02792806572e-08
10.75583992 5.70790942246e-08
10.7658444222 2.09546666149e-08
10.7758489245 5.7726184202e-08
10.7858534267 2.16521633609e-08
10.795857929 5.83964588561e-08
10.8058624312 2.23721290786e-08
10.8158669335 5.90902857679e-08
10.8258714357 2.31149405949e-08
10.835875938 5.98080395968e-08
10.8458804402 2.38809799297e-08
10.8558849425 6.05501124552e-08
10.8658894447 2.46706483591e-08
10.875893947 6.13169072059e-08
10.8858984492 2.54843618991e-08
10.8959029515 6.21088490709e-08
10.9059074537 2.63225543852e-08
10.915911956 6.29263665731e-08
10.9259164582 2.71856616191e-08
10.9359209605 6.37699167092e-08
10.9459254627 2.80741521733e-08
10.955929965 6.46399616999e-08
10.9659344672 2.89884993466e-08
10.9759389695 6.55369828622e-08
10.9859434717 2.99291879398e-08
10.995947974 6.64614761153e-08
11.0059524762 3.08967350114e-08
11.0159569785 6.74139561813e-08
11.0259614807 3.18916541917e-08
11.035965983 6.83949494396e-08
11.0459704852 3.29144876299e-08
11.0559749875 6.94050035738e-08
11.0659794897 3.39657904723e-08
11.075983992 7.04446798433e-08
11.0859884942 3.50461373004e-08
11.0959929965 7.15145620159e-08
11.1059974987 3.61561179117e-08
11.116002001 7.26152430327e-08
11.1260065033 3.72963392025e-08
11.1360110055 7.3747342219e-08
11.1460155078 3.84674304943e-08
11.15602001 7.49114922963e-08
11.1660245123 3.96700320997e-08
11.1760290145 7.61083454112e-08
11.1860335168 4.09048110347e-08
11.196038019 7.73385758587e-08
11.2060425213 4.21724477906e-08
11.2160470235 7.86028714366e-08
11.2260515258 4.34736434172e-08
11.236056028 7.99019464148e-08
11.2460605303 4.48091248844e-08
11.2560650325 8.12365293514e-08
11.2660695348 4.61796292947e-08
11.276074037 8.26073771436e-08
11.2860785393 4.7585925191e-08
11.2960830415 8.4015258195e-08
11.3060875438 4.90287910111e-08
11.316092046 8.54609671294e-08
11.3260965483 5.05090388957e-08
11.3361010505 8.69453261765e-08
11.3461055528 5.20274932388e-08
11.356110055 8.84691692727e-08
11.3661145573 5.35850102538e-08
11.3761190595 9.00333617832e-08
11.3861235618 5.5182457737e-08
11.396128064 9.16387875783e-08
11.4061325663 5.68207390444e-08
11.4161370685 9.32863592143e-08
11.4261415708 5.85007744072e-08
11.436146073 9.49770073411e-08
11.4461505753 6.02235105996e-08
11.4561550775 9.6711697303e-08
11.4661595798 6.198992421e-08
11.476164082 9.84914084734e-08
11.4861685843 6.3801008245e-08
11.4961730865 1.00317156637e-07
11.5061775888 6.56577851469e-08
11.516182091 1.02189974682e-07
11.5261865933 6.75613121088e-08
11.5361910955 1.04110934351e-07
11.5461955978 6.95126719467e-08
11.5562001001 1.06081129476e-07
11.5662046023 7.15129649393e-08
11.5762091046 1.08101678666e-07
11.5862136068 7.35633316729e-08
11.5962181091 1.10173737371e-07
11.6062226113 7.566493863e-08
11.6162271136 1.12298487894e-07
11.6262316158 7.78189829709e-08
11.6362361181 1.14477140323e-07
11.6462406203 8.002669118e-08
11.6562451226 1.16710942198e-07
11.6662496248 8.22893240981e-08
11.6762541271 1.19001168005e-07
11.6862586293 8.46081740596e-08
11.6962631316 1.21349130773e-07
11.7062676338 8.6984567156e-08
11.7162721361 1.23756169392e-07
11.7262766383 8.94198621601e-08
11.7362811406 1.26223668131e-07
11.7462856428 9.19154542087e-08
11.7562901451 1.28753034015e-07
11.7662946473 9.44727732722e-08
11.7762991496 1.31345722305e-07
11.7863036518 9.70932879792e-08
11.7963081541 1.34003216587e-07
11.8063126563 9.97785017982e-08
11.8163171586 1.36727045284e-07
11.8263216608 1.02529957467e-07
11.8363261631 1.39518766993e-07
11.8463306653 1.05349238585e-07
11.8563351676 1.42379992559e-07
11.8663396698 1.08237965937e-07
11.8763441721 1.45312362065e-07
11.8863486743 1.11197804742e-07
11.8963531766 1.48317561632e-07
11.9063576788 1.14230459316e-07
11.9163621811 1.51397325069e-07
11.9263666833 1.17337682227e-07
11.9363711856 1.54553420591e-07
11.9463756878 1.20521264869e-07
11.9563801901 1.57787670453e-07
11.9663846923 1.23783046374e-07
11.9763891946 1.61101936567e-07
11.9863936968 1.27124912385e-07
11.9963981991 1.64498130854e-07
12.0064027014 1.30548797737e-07
12.0164072036 1.679782133e-07
12.0264117059 1.34056680148e-07
12.0364162081 1.715441936e-07
12.0464207104 1.37650598814e-07
12.0564252126 1.75198131375e-07
12.0664297149 1.41332630183e-07
12.0764342171 1.78942138615e-07
12.0864387194 1.45104913886e-07
12.0964432216 1.82778381522e-07
12.1064477239 1.48969639895e-07
12.1164522261 1.86709079662e-07
12.1264567284 1.52929054505e-07
12.1364612306 1.90736508811e-07
12.1464657329 1.56985454823e-07
12.1564702351 1.94863001718e-07
12.1664747374 1.61141200239e-07
12.1764792396 1.99090947362e-07
12.1864837419 1.65398712813e-07
12.1964882441 2.03422802878e-07
12.2064927464 1.69760469103e-07
12.2164972486 2.07861077262e-07
12.2265017509 1.74229012918e-07
12.2365062531 2.12408351822e-07
12.2465107554 1.78806949378e-07
12.2565152576 2.1706726515e-07
12.2665197599 1.83496950016e-07
12.2765242621 2.21840525969e-07
12.2865287644 1.88301751666e-07
12.2965332666 2.26730909615e-07
12.3065377689 1.93224162033e-07
12.3165422711 2.31741264152e-07
12.3265467734 1.98267060425e-07
12.3365512756 2.36874504339e-07
12.3465557779 2.03433393573e-07
12.3565602801 2.42133623752e-07
12.3665647824 2.08726189147e-07
12.3765692846 2.47521682773e-07
12.3865737869 2.14148544556e-07
12.3965782891 2.53041830484e-07
12.4065827914 2.19703636788e-07
12.4165872936 2.58697283706e-07
12.4265917959 2.25394725983e-07
12.4365962981 2.6449134715e-07
12.4466008004 2.31225149375e-07
12.4566053027 2.70427407587e-07
12.4666098049 2.37198330757e-07
12.4766143072 2.76508930661e-07
12.4866188094 2.4331777828e-07
12.4966233117 2.82739476661e-07
12.5066278139 2.49587091335e-07
12.5166323162 2.89122694134e-07
12.5266368184 2.56009955017e-07
12.5366413207 2.95662320093e-07
12.5466458229 2.62590152223e-07
12.5566503252 3.02362186752e-07
12.5666548274 2.69331555968e-07
12.5766593297 3.09226222206e-07
12.5866638319 2.76238140429e-07
12.5966683342 3.16258456306e-07
12.6066728364 2.83313976833e-07
12.6166773387 3.23463015164e-07
12.6266818409 2.90563241158e-07
12.6366863432 3.30844131876e-07
12.6466908454 2.97990212402e-07
12.6566953477 3.38406145997e-07
12.6666998499 3.055992763e-07
12.6767043522 3.46153503411e-07
12.6867088544 3.133949345e-07
12.6967133567 3.54090768963e-07
12.7067178589 3.21381796261e-07
12.7167223612 3.62222612041e-07
12.7267268634 3.29564589056e-07
12.7367313657 3.70553829976e-07
12.7467358679 3.37948158256e-07
12.7567403702 3.79089327864e-07
12.7667448724 3.46537466855e-07
12.7767493747 3.87834147906e-07
12.7867538769 3.55337618147e-07
12.7967583792 3.96793449717e-07
12.8067628814 3.64353822666e-07
12.8167673837 4.05972530436e-07
12.8267718859 3.73591440708e-07
12.8367763882 4.15376813905e-07
12.8467808904 3.83055956058e-07
12.8567853927 4.25011864774e-07
12.8667898949 3.92752998822e-07
12.8767943972 4.34883385156e-07
12.8867988994 4.02688333676e-07
12.8968034017 4.44997227964e-07
12.906807904 4.12867874681e-07
12.9168124062 4.55359380955e-07
12.9268169085 4.23297686733e-07
12.9368214107 4.65975993309e-07
12.946825913 4.33983983652e-07
12.9568304152 4.76853368859e-07
12.9668349175 4.44933137408e-07
12.9768394197 4.87997963352e-07
12.986843922 4.56151687111e-07
12.9968484242 4.99416406857e-07
13.0068529265 4.67646327892e-07
13.0168574287 5.11115486222e-07
13.026861931 4.79423923534e-07
13.0368664332 5.2310216516e-07
13.0468709355 4.91491528831e-07
13.0568754377 5.35383585305e-07
13.06687994 5.0385635151e-07
13.0768844422 5.47967061336e-07
13.0868889445 5.16525802629e-07
13.0968934467 5.60860101815e-07
13.106897949 5.29507467713e-07
13.1169024512 5.74070402428e-07
13.1269069535 5.42809133819e-07
13.1369114557 5.87605850422e-07
13.146915958 5.56438779086e-07
13.1569204602 6.01474538048e-07
13.1669249625 5.70404586708e-07
13.1769294647 6.1568475891e-07
13.186933967 5.84714945897e-07
13.1969384692 6.30245018183e-07
13.2069429715 5.99378460821e-07
13.2169474737 6.45164038397e-07
13.226951976 6.14403952428e-07
13.2369564782 6.60450763365e-07
13.2469609805 6.29800466486e-07
13.2569654827 6.76114356627e-07
13.266969985 6.45577278759e-07
13.2769744872 6.9216423117e-07
13.2869789895 6.61743898485e-07
13.2969834917 7.0861001942e-07
13.306987994 6.7831008162e-07
13.3169924962 7.25461614978e-07
13.3269969985 6.95285829969e-07
13.3370015008 7.42729151743e-07
13.347006003 7.12681394777e-07
13.3570105053 7.60423028317e-07
13.3670150075 7.30507296349e-07
13.3770195098 7.78553908539e-07
13.387024012 7.48774324378e-07
13.3970285143 7.97132725144e-07
13.4070330165 7.67493535029e-07
13.4170375188 8.16170689933e-07
13.427042021 7.86676269537e-07
13.4370465233 8.35679300506e-07
13.4470510255 8.06334163113e-07
13.4570555278 8.55670347295e-07
13.46706003 8.2647914163e-07
13.4770645323 8.76155925769e-07
13.4870690345 8.47123442492e-07
13.4970735368 8.97148436517e-07
13.507078039 8.68279609921e-07
13.5170825413 9.18660599003e-07
13.5270870435 8.8996051389e-07
13.5370915458 9.4070545606e-07
13.547096048 9.12179348259e-07
13.5571005503 9.6329638741e-07
13.5671050525 9.3494965155e-07
13.5771095548 9.86447111402e-07
13.587114057 9.5828530207e-07
13.5971185593 1.01017170376e-06
13.6071230615 9.82200539168e-07
13.6171275638 1.0344845933e-06
13.627132066 1.00670996722e-06
13.6371365683 1.05940058729e-06
13.6471410705 1.03182856077e-06
13.6571455728 1.08493486454e-06
13.667150075 1.05757168335e-06
13.6771545773 1.11110300018e-06
13.6871590795 1.08395508988e-06
13.6971635818 1.1379209656e-06
13.707168084 1.11099494537e-06
13.7171725863 1.16540514865e-06
13.7271770885 1.138707825e-06
13.7371815908 1.19357234806e-06
13.747186093 1.16711073564e-06
13.7571905953 1.22243980632e-06
13.7671950975 1.19622111814e-06
13.7771995998 1.25202520364e-06
13.7872041021 1.22605686327e-06
13.7972086043 1.28234667564e-06
13.8072131066 1.25663632296e-06
13.8172176088 1.31342282836e-06
13.8272221111 1.28797833004e-06
13.8372266133 1.34527274791e-06
13.8472311156 1.32010218973e-06
13.8572356178 1.37791601172e-06
13.8672401201 1.35302772032e-06
13.8772446223 1.41137270136e-06
13.8872491246 1.3867752407e-06
13.8972536268 1.44566342344e-06
13.9072581291 1.42136560378e-06
13.9172626313 1.48080930962e-06
13.9272671336 1.45682019326e-06
13.9372716358 1.5168320405e-06
13.9472761381 1.49316095836e-06
13.9572806403 1.55375386984e-06
13.9672851426 1.53041041068e-06
13.9772896448 1.59159761282e-06
13.9872941471 1.56859164284e-06
13.9972986493 1.63038668432e-06
14.0073031516 1.60772835624e-06
14.0173076538 1.67014510506e-06
14.0273121561 1.64784485581e-06
14.0373166583 1.71089751923e-06
14.0473211606 1.68896608806e-06
14.0573256628 1.75266921238e-06
14.0673301651 1.73111763957e-06
14.0773346673 1.79548612696e-06
14.0873391696 1.77432577152e-06
14.0973436718 1.83937488092e-06
14.1073481741 1.81861742215e-06
14.1173526763 1.88436278841e-06
14.1273571786 1.86402023933e-06
14.1373616808 1.93047786911e-06
14.1473661831 1.91056258304e-06
14.1573706853 1.97774888251e-06
14.1673751876 1.95827356019e-06
14.1773796898 2.02620532725e-06
14.1873841921 2.00718303595e-06
14.1973886943 2.07587748827e-06
14.2073931966 2.05732165286e-06
14.2173976988 2.1267964234e-06
14.2274022011 2.10872086184e-06
14.2374067034 2.17899401841e-06
14.2474112056 2.161412932e-06
14.2574157079 2.23250298728e-06
14.2674202101 2.21543097815e-06
14.2774247124 2.287356902e-06
14.2874292146 2.2708089855e-06
14.2974337169 2.34359021553e-06
14.3074382191 2.32758183068e-06
14.3174427214 2.40123828255e-06
14.3274472236 2.38578530268e-06
14.3374517259 2.46033739181e-06
14.3474562281 2.44545613745e-06
14.3574607304 2.52092478099e-06
14.3674652326 2.50663202986e-06
14.3774697349 2.58303866713e-06
14.3874742371 2.56935167546e-06
14.3974787394 2.64671827858e-06
14.4074832416 2.63365477987e-06
14.4174877439 2.71200387227e-06
14.4274922461 2.69958210207e-06
14.4374967484 2.77893676715e-06
14.4475012506 2.76717547434e-06
14.4575057529 2.84755937808e-06
14.4675102551 2.8364778364e-06
14.4775147574 2.91791523142e-06
14.4875192596 2.90753325827e-06
14.4975237619 2.99004901678e-06
14.5075282641 2.98038697887e-06
14.5175327664 3.06400659053e-06
14.5275372686 3.05508543604e-06
14.5375417709 3.13983503804e-06
14.5475462731 3.1316762959e-06
14.5575507754 3.2175826848e-06
14.5675552776 3.21020849359e-06
14.5775597799 3.29729914128e-06
14.5875642821 3.2907322511e-06
14.5975687844 3.37903533323e-06
14.6075732866 3.37329914032e-06
14.6175777889 3.46284354179e-06
14.6275822911 3.45796209563e-06
14.6375867934 3.5487774392e-06
14.6475912956 3.54477546738e-06
14.6575957979 3.63689212841e-06
14.6676003002 3.63379504504e-06
14.6776048024 3.72724417559e-06
14.6876093047 3.72507811211e-06
14.6976138069 3.81989166371e-06
14.7076183092 3.81868348364e-06
14.7176228114 3.9148942182e-06
14.7276273137 3.9146715384e-06
14.7376318159 4.01231306782e-06
14.7476363182 4.01310427721e-06
14.7576408204 4.11221107131e-06
14.7676453227 4.11404535945e-06
14.7776498249 4.21465277398e-06
14.7876543272 4.2175601476e-06
14.7976588294 4.31970445672e-06
14.8076633317 4.3237157606e-06
14.8176678339 4.42743417025e-06
14.8276723362 4.43258112011e-06
14.8376768384 4.53791179769e-06
14.8476813407 4.54422699535e-06
14.8576858429 4.65120910181e-06
14.8676903452 4.65872607051e-06
14.8776948474 4.76739977828e-06
14.8876993497 4.77615297693e-06
14.8977038519 4.8865595068e-06
14.9077083542 4.89658436309e-06
14.9177128564 5.00876600682e-06
14.9277173587 5.02009894668e-06
14.9377218609 5.13409910106e-06
14.9477263632 5.14677757292e-06
14.9577308654 5.26264076799e-06
14.9677353677 5.27670327149e-06
14.9777398699 5.39447519942e-06
14.9877443722 5.40996132371e-06
14.9977488744 5.52968887975e-06
15.0077533767 5.54663932142e-06
15.0177578789 5.66837063019e-06
15.0277623812 5.68682723371e-06
15.0377668834 5.81061168474e-06
15.0477713857 5.83061747772e-06
15.0577758879 5.95650575922e-06
15.0677803902 5.97810497582e-06
15.0777848924 6.10614912241e-06
15.0877893947 6.12938724833e-06
15.0977938969 6.25964065817e-06
15.1077983992 6.28456446388e-06
15.1178029015 6.41708195996e-06
15.1278074037 6.4437395318e-06
15.137811906 6.57857738322e-06
15.1478164082 6.60701817281e-06
15.1578209105 6.7442341525e-06
15.1678254127 6.77450900192e-06
15.177829915 6.91416240569e-06
15.1878344172 6.94632359738e-06
15.1978389195 7.08847531544e-06
15.2078434217 7.12257661657e-06
15.217847924 7.26728915829e-06
15.2278524262 7.30338585538e-06
15.2378569285 7.45072340507e-06
15.2478614307 7.48887235523e-06
15.257865933 7.63890081486e-06
15.2678704352 7.67916047983e-06
15.2778749375 7.83194752325e-06
15.2878794397 7.87437803664e-06
15.297883942 8.02999315204e-06
15.3078884442 8.07465634563e-06
15.3178929465 8.23317089934e-06
15.3278974487 8.28013037063e-06
15.337901951 8.44161764754e-06
15.3479064532 8.49093879915e-06
15.3579109555 8.65547406867e-06
15.3679154577 8.7072241715e-06
15.37791996 8.87488474013e-06
15.3879244622 8.92913297543e-06
15.3979289645 9.09999824726e-06
15.4079334667 9.15681577847e-06
15.417937969 9.33096731377e-06
15.4279424712 9.39042733497e-06
15.4379469735 9.56794891176e-06
15.4479514757 9.63012670631e-06
15.457955978 9.81110439276e-06
15.4679604802 9.87607740129e-06
15.4779649825 1.00605996105e-05
15.4879694847 1.01284474944e-05
15.497973987 1.03166050639e-05
15.5079784892 1.03874097645e-05
15.5179829915 1.05792960171e-05
15.5279874937 1.06531418312e-05
15.537991996 1.0848852656e-05
15.5479964982 1.09258263057e-05
15.5580010005 1.11254602299e-05
15.5680055028 1.12056509256e-05
15.578010005 1.14093091912e-05
15.5880145073 1.14928087195e-05
15.5980190095 1.17005953674e-05
15.6080235118 1.17874981546e-05
15.618028014 1.19995200997e-05
15.6280325163 1.20899233103e-05
15.6380370185 1.23062904345e-05
15.6480415208 1.24002940285e-05
15.658046023 1.26211192656e-05
15.6680505253 1.27188261066e-05
15.6780550275 1.29442255306e-05
15.6880595298 1.30457414546e-05
15.698064032 1.32758343789e-05
15.7080685343 1.3381268296e-05
15.7180730365 1.36161773657e-05
15.7280775388 1.37256413536e-05
15.738082041 1.3965492645e-05
15.7480865433 1.40791020392e-05
15.7580910455 1.43240251638e-05
15.7680955478 1.44418986562e-05
15.77810005 1.4692026873e-05
15.7881045523 1.48142866229e-05
15.7981090545 1.50697569361e-05
15.8081135568 1.51965286704e-05
15.818118059 1.54574819538e-05
15.8281225613 1.55888950753e-05
15.8381270635 1.5855476185e-05
15.8481315658 1.59916638867e-05
15.858136068 1.62640217757e-05
15.8681405703 1.64051211646e-05
15.8781450725 1.66834090222e-05
15.8881495748 1.68295612265e-05
15.898154077 1.71139365977e-05
15.9081585793 1.7265286901e-05
15.9181630815 1.75559118191e-05
15.9281675838 1.77126097881e-05
15.938172086 1.80096509157e-05
15.9481765883 1.81718505348e-05
15.9581810905 1.84754793052e-05
15.9681855928 1.86433391053e-05
15.978190095 1.89537318691e-05
15.9881945973 1.91274150836e-05
15.9981990995 1.94447532651e-05
16.0082036018 1.96244279657e-05
16.0182081041 1.99488982093e-05
16.0282126063 2.013473746e-05
16.0382171086 2.04665318102e-05
16.0482216108 2.06587138315e-05
16.0582261131 2.0998029879e-05
16.0682306153 2.11967382074e-05
16.0782351176 2.15437792792e-05
16.0882396198 2.17492029274e-05
16.0982441221 2.21041782624e-05
16.1082486243 2.23165119033e-05
16.1182531266 2.26796368418e-05
16.1282576288 2.28990809821e-05
16.1382621311 2.32705771411e-05
16.1482666333 2.34973383164e-05
16.1582711356 2.38774338106e-05
16.1682756378 2.4111724768e-05
16.1782801401 2.45006544004e-05
16.1882846423 2.47426943026e-05
16.1982891446 2.51406997877e-05
16.2082936468 2.53907144139e-05
16.2182981491 2.57980445884e-05
16.2283026513 2.60562665627e-05
16.2383071536 2.6473177619e-05
16.2483116558 2.67398466137e-05
16.2583161581 2.71666023333e-05
16.2683206603 2.744196531e-05
16.2783251626 2.7878837312e-05
16.2883296648 2.81631487506e-05
16.2983341671 2.86104167402e-05
16.3083386693 2.89039388906e-05
16.3183431716 2.93618909232e-05
16.3283476738 2.96648940571e-05
16.3383521761 3.01338268056e-05
16.3483566783 3.04465894771e-05
16.3583611806 3.09268085201e-05
16.3683656828 3.12496178468e-05
16.3783701851 3.17414379574e-05
16.3883746873 3.20745898978e-05
16.3983791896 3.25783353409e-05
16.4083836918 3.29221349784e-05
16.4183881941 3.34381398256e-05
16.4283926963 3.37929016952e-05
16.4383971986 3.43215101508e-05
16.4484017009 3.46875585286e-05
16.4584062031 3.52291252637e-05
16.4684107054 3.56067945108e-05
16.4784152076 3.61616850079e-05
16.4884197099 3.65513198985e-05
16.4984242121 3.71199108219e-05
16.5084287144 3.75218669052e-05
16.5184332166 3.81045464648e-05
16.5284377189 3.85191904192e-05
16.5384422211 3.91163587656e-05
16.5484467234 3.95440687785e-05
16.5584512256 4.01561384037e-05
16.5684557279 4.05973045672e-05
16.5784602301 4.12247007211e-05
16.5884647324 4.16797254352e-05
16.5984692346 4.23228865617e-05
16.6084737369 4.27921849579e-05
16.6184782391 4.34515631405e-05
16.6284827414 4.39355635212e-05
16.6384872436 4.4611624957e-05
16.6484917459 4.51107692478e-05
16.6584962481 4.58039947263e-05
16.6685007504 4.63187389465e-05
16.6785052526 4.70296243577e-05
16.6885097549 4.7560439119e-05
16.6985142571 4.82894959723e-05
16.7085187594 4.88368669786e-05
16.7185232616 4.95846229494e-05
16.7285277639 5.01490515361e-05
16.7385322661 5.09160510276e-05
16.7485367684 5.14980547028e-05
16.7585412706 5.22848594368e-05
16.7685457729 5.28849724582e-05
16.7785502751 5.369216208e-05
16.7885547774 5.43109360501e-05
16.7985592796 5.5139108764e-05
16.8085637819 5.57771132432e-05
16.8185682841 5.66268864755e-05
16.8285727864 5.72847096323e-05
16.8385772886 5.81567207073e-05
16.8485817909 5.88349699802e-05
16.8585862931 5.97298768443e-05
16.8685907954 6.04291796392e-05
16.8785952976 6.13476615934e-05
16.8885997999 6.20686660122e-05
16.8986043022 6.30114244868e-05
16.9086088044 6.37548000722e-05
16.9186133067 6.47225594334e-05
16.9286178089 6.54889979608e-05
16.9386223112 6.6482506344e-05
16.9486268134 6.72727226314e-05
16.9586313157 6.82927528046e-05
16.9686358179 6.910748557e-05
16.9786403202 7.01548358605e-05
16.9886448224 7.09948486053e-05
16.9986493247 7.20703438172e-05
17.0086538269 7.29364257342e-05
17.0186583292 7.4040918157e-05
17.0286628314 7.49338851236e-05
17.0386673337 7.60682555404e-05
17.0486718359 7.6988951092e-05
17.0586763382 7.81541098612e-05
17.0686808404 7.91034062516e-05
17.0786853427 8.03002944111e-05
17.0886898449 8.12790936943e-05
17.0986943472 8.25086841326e-05
17.1086988494 8.35179193056e-05
17.1187033517 8.47812179691e-05
17.1287078539 8.58218541543e-05
17.1387123562 8.71199013139e-05
17.1487168584 8.81929370015e-05
17.1587213607 8.95268085769e-05
17.1687258629 9.06332769072e-05
17.1787303652 9.2004085839e-05
17.1887348674 9.31450559712e-05
17.1987393697 9.4553953664e-05
17.2087438719 9.57305321575e-05
17.2187483742 9.71787099877e-05
17.2287528764 9.83920422986e-05
17.2387573787 9.98807331795e-05
17.2487618809 0.000101132005187
17.2587663832 0.000102662485211
17.2687708854 0.000103952924831
17.2787753877 0.00010552651499
17.2887798899 0.00010685739385
17.2987843922 0.000108475461829
17.3087888944 0.000109848097033
17.3187933967 0.000111512059084
17.3287978989 0.000112927815043
17.3388024012 0.000114639137953
17.3488069035 0.000116099428322
17.3588114057 0.000117859631464
17.368815908 0.000119365921149
17.3788204102 0.000121176578643
17.3888249125 0.000122730385909
17.3988294147 0.000124593128864
17.408833917 0.000126196027553
17.4188384192 0.000128112546434
17.4288429215 0.000129766168272
17.4388474237 0.000131738215373
17.448851926 0.0001334442524
17.4588564282 0.000135473644434
17.4688609305 0.00013723385155
17.4788654327 0.000139322472372
17.488869935 0.00014113867
17.4988744372 0.000143288473458
17.5088789395 0.000145162550346
17.5188834417 0.000147375563268
17.528887944 0.000149309479427
17.5388924462 0.000151587804766
17.5488969485 0.000153583594551
17.5589014507 0.000155929414677
17.568905953 0.000157989190032
17.5789104552 0.000160404770216
17.5889149575 0.000162530724063
17.5989194597 0.000165018416069
17.608923962 0.000167212825889
17.6189284642 0.000169775071854
17.6289329665 0.000172040303465
17.6389374687 0.000174679639889
17.648941971 0.000177018151366
17.6589464732 0.000179737213355
17.6689509755 0.000182151559216
17.6789554777 0.000184953084924
17.68895998 0.000187445920499
17.6989644822 0.000190332755828
17.7089689845 0.000192906841862
17.7189734867 0.000195881945388
17.728977989 0.000198540152918
17.7389824912 0.000201606601105
17.7489869935 0.000204351916553
17.7589914957 0.00020751290922
17.768995998 0.000210348439809
17.7790005003 0.000213607305929
17.7890050025 0.000216536285366
17.7990095048 0.00021989648915
17.809014007 0.000222922283636
17.8190185093 0.000226387430989
17.8290230115 0.000229513545555
17.8390275138 0.000233087390859
17.849032016 0.000236317476075
17.8590365183 0.000240003929378
17.8690410205 0.000243341788411
17.8790455228 0.00024714492303
17.889050025 0.000250594519147
17.8990545273 0.000254518579677
17.9090590295 0.000258084044151
17.9190635318 0.000262133454975
17.929068034 0.00026581909546
17.9390725363 0.000269998469738
17.9490770385 0.000273808779143
17.9590815408 0.000278122928335
17.969086043 0.000282062594219
17.9790905453 0.000286516538184
17.9890950475 0.000290590452713
17.9990995498 0.000295189430403
18.009104052 0.000299402700927
18.0191085543 0.00030415218175
18.0291130565 0.000308510142002
18.0391175588 0.000313415837875
18.049122061 0.000317924059883
18.0591265633 0.000322991938032
18.0691310655 0.000327656244765
18.0791355678 0.000332892541338
18.08914007 0.00033771902016
18.0991445723 0.000343130254691
18.1091490745 0.000348125271659
18.1191535768 0.000353718262487
18.129158079 0.000358888477598
18.1391625813 0.000364670358247
18.1491670835 0.000370022741647
18.1591715858 0.000376000978329
18.169176088 0.000381542827623
18.1791805903 0.000387725237861
18.1891850925 0.000393464196547
18.1991895948 0.000399858969068
18.209194097 0.000405803046261
18.2191985993 0.000412418762263
18.2292031016 0.000418576353724
18.2392076038 0.000425422009547
18.2492121061 0.000431801920187
18.2592166083 0.000438886951627
18.2692211106 0.000445498419593
18.2792256128 0.000452832727892
18.2892301151 0.000459685450345
18.2992346173 0.000467279430046
18.3092391196 0.000474383590806
18.3192436218 0.000482248159633
18.3292481241 0.000489614458835
18.3392526263 0.000497761089733
18.3492571286 0.000505400775655
18.3592616308 0.000513841531243
18.3692661331 0.000521766434526
18.3792706353 0.000530514004114
18.3892751376 0.000538736574567
18.3992796398 0.000547804314002
18.4092841421 0.000556337660231
18.4192886443 0.000565739634825
18.4292931466 0.000574597566953
18.4392976488 0.000584348597772
18.4493021511 0.000593545673509
18.4593066533 0.000603661387332
18.4693111556 0.000613212961755
18.4793156578 0.000623709845058
18.4893201601 0.000633632124408
18.4993246623 0.000644527581764
18.5093291646 0.000654837681685
18.5193336668 0.000666150098991
18.5293381691 0.000676866107613
18.5393426713 0.000688614920641
18.5493471736 0.000699755967029
18.5593516758 0.000711961735809
18.5693561781 0.000723548064267
18.5793606803 0.000736232553919
18.5893651826 0.00074828560478
18.5993696848 0.000761471873427
18.6093741871 0.000774014370993
18.6193786893 0.000787726865497
18.6293831916 0.000800782913862
18.6393876938 0.000815047574231
18.6493921961 0.000828642761823
18.6593966983 0.000843487135168
18.6694012006 0.000857648648956
18.6794057029 0.000873102014054
18.6894102051 0.000887858764448
18.6994147074 0.000903952268039
18.7094192096 0.000919335025669
18.7194237119 0.000936101831832
18.7294282141 0.000952143377476
18.7394327164 0.000969618831463
18.7494372186 0.000986354120709
18.7594417209 0.00100457592895
18.7694462231 0.0010220422731
18.7794507254 0.00104105070114
18.7894552276 0.00105928796634
18.7994597299 0.00107912605686
18.8094642321 0.00109817688355
18.8194687344 0.00111889069669
18.8294732366 0.00113880074162
18.8394777389 0.0011604396204
18.8494822411 0.00118125782407
18.8594867434 0.00120387468765
18.8694912456 0.00122565357005
18.8794957479 0.00124930523847
18.8895002501 0.00127210122658
18.8995047524 0.00129684878049
18.9095092546 0.00132072257138
18.9195137569 0.00134663175124
18.9295182591 0.00137164871516
18.9395227614 0.00139879036472
18.9495272636 0.00142502099305
18.9595317659 0.00145347155263
18.9695362681 0.00148099195631
18.9795407704 0.0015108340121
18.9895452726 0.00153972647696
18.9995497749 0.00157104937354
19.0095542771 0.00160140297957
19.0195587794 0.00163430350373
19.0295632816 0.00166621481668
19.0395677839 0.00170079796165
19.0495722861 0.00173437180614
19.0595767884 0.00177075162698
19.0695812906 0.00180610195181
19.0795857929 0.00184440252387
19.0895902951 0.0018816533718
19.0995947974 0.00192200986608
19.1095992996 0.00196129646184
19.1196038019 0.00200385635324
19.1296083042 0.00204532632601
19.1396128064 0.00209025075279
19.1496173087 0.00213406551163
19.1596218109 0.00218153080735
19.1696263132 0.002227867091
19.1796308154 0.00227806651393
19.1896353177 0.00232711814034
19.1996398199 0.00238026382944
19.2096443222 0.00243224367452
19.2196488244 0.00248856886669
19.2296533267 0.00254371110754
19.2396578289 0.00260347265773
19.2496623312 0.00266203532292
19.2596668334 0.00272551657723
19.2696713357 0.00278778445583
19.2796758379 0.00285529853976
19.2896803402 0.00292158651347
19.2996848424 0.00299348011245
19.3096893447 0.00306413699186
19.3196938469 0.00314079472268
19.3296983492 0.00321620769213
19.3397028514 0.0032980571926
19.3497073537 0.0033786570003
19.3597118559 0.00346617490551
19.3697163582 0.00355244198208
19.3797208604 0.00364616101363
19.3897253627 0.00373863276819
19.3997298649 0.003839150246
19.4097343672 0.00393842988536
19.4197388694 0.0040464180928
19.4297433717 0.00415318544964
19.4397478739 0.00426940445979
19.4497523762 0.00438442952318
19.4597568784 0.00450974335408
19.4697613807 0.00463390350129
19.4797658829 0.00476930085289
19.4897703852 0.00490360323679
19.4997748874 0.00505022463355
19.5097793897 0.00519583585702
19.5197838919 0.00535500987024
19.5297883942 0.0055132960909
19.5397928964 0.00568658858358
19.5497973987 0.00585917070513
19.559801901 0.0060484529395
19.5698064032 0.00623728381305
19.5798109055 0.00644482810153
19.5898154077 0.00665230205819
19.59981991 0.0068809178979
19.6098244122 0.00711002803318
19.6198289145 0.00736325805577
19.6298334167 0.00761782433978
19.639837919 0.00790022900815
19.6498424212 0.00818523178781
19.6598469235 0.00850280619985
19.6698514257 0.00882487691692
19.679855928 0.00918566477563
19.6898604302 0.00955381163849
19.6998649325 0.009968814105
19.7098694347 0.0103954993555
19.719873937 0.0108800256843
19.7298784392 0.011382769476
19.7398829415 0.0119584504741
19.7498874437 0.0125622238956
19.759891946 0.0132600211555
19.7698964482 0.0140008219551
19.7799009505 0.0148655350481
19.7899054527 0.0157957352903
19.799909955 0.0168927658264
19.8099144572 0.0180891116887
19.8199189595 0.0195146346419
19.8299234617 0.0210902077307
19.839927964 0.0229865033065
19.8499324662 0.0251085752799
19.8599369685 0.0276872210655
19.8699414707 0.0306038007822
19.879945973 0.0341809713818
19.8899504752 0.0382599198159
19.8999549775 0.0433108094317
19.9099594797 0.0490961325745
19.919963982 0.0563415487965
19.9299684842 0.0646283836718
19.9399729865 0.0751858354446
19.9499774887 0.0870836804955
19.959981991 0.102827702569
19.9699864932 0.119424305045
19.9799909955 0.145466535471
19.9899954977 0.140157389696
20.0 0.11422109489
