0.001 3557.32297028
0.0110045022511 315.162449995
0.0210090045023 146.624429899
0.0310135067534 81.378514849
0.0410180090045 51.2015974858
0.0510225112556 34.4923385637
0.0610270135068 24.3254914399
0.0710315157579 17.8201459211
0.081036018009 13.4042354466
0.0910405202601 10.3591163277
0.101045022511 8.15635610783
0.111049524762 6.56169607922
0.121054027014 5.35474747282
0.131058529265 4.44845527123
0.141063031516 3.737088716
0.151067533767 3.18661637639
0.161072036018 2.74084863349
0.171076538269 2.38685132199
0.18108104052 2.09223254114
0.191085542771 1.85291411601
0.201090045023 1.64890664991
0.211094547274 1.47990262337
0.221099049525 1.33282364429
0.231103551776 1.2089116237
0.241108054027 1.09916738055
0.251112556278 1.00538708784
0.261117058529 0.921105295918
0.27112156078 0.848226794108
0.281126063032 0.78193358425
0.291130565283 0.724046848638
0.301135067534 0.67086463328
0.311139569785 0.624050551855
0.321144072036 0.580686798066
0.331148574287 0.542260210704
0.341153076538 0.506421899944
0.351157578789 0.474487131063
0.361162081041 0.444531448597
0.371166583292 0.417713590872
0.381171085543 0.392433444887
0.391175587794 0.369711210353
0.401180090045 0.348199780666
0.411184592296 0.328798596507
0.421189094547 0.310361413953
0.431193596798 0.293683172565
0.44119809905 0.277779516128
0.451202601301 0.263355192833
0.461207103552 0.249558026996
0.471211605803 0.237014922201
0.481216108054 0.224982850329
0.491220610305 0.214021414915
0.501225112556 0.203478609262
0.511229614807 0.193855700198
0.521234117059 0.184577250823
0.53123861931 0.176093800343
0.541243121561 0.167894827068
0.551247623812 0.160386606708
0.561252126063 0.153114038319
0.571256628314 0.146444636588
0.581261130565 0.139970916612
0.591265632816 0.134026328983
0.601270135068 0.128244537058
0.611274637319 0.122928949663
0.62127913957 0.117748979186
0.631283641821 0.112981449314
0.641288144072 0.108326984104
0.651292646323 0.104038803266
0.661297148574 0.0998449060531
0.671301650825 0.0959774885512
0.681306153077 0.0921886629892
0.691310655328 0.0886918432128
0.701315157579 0.0852604659232
0.71131965983 0.0820911164212
0.721324162081 0.0789761606301
0.731328664332 0.0760970639687
0.741333166583 0.0732630546904
0.751337668834 0.0706419775436
0.761342171086 0.0680581318844
0.771346673337 0.0656670613299
0.781351175588 0.063306577713
0.791355677839 0.0611210883986
0.80136018009 0.0589605562722
0.811364682341 0.0569592837453
0.821369184592 0.0549781912719
0.831373686843 0.0531423918604
0.841378189095 0.051322713678
0.851382691346 0.0496358952665
0.861387193597 0.047961745979
0.871391695848 0.0464093571051
0.881396198099 0.04486669896
0.89140070035 0.0434358660896
0.901405202601 0.0420122615068
0.911409704852 0.0406915662617
0.921414207104 0.0393759676275
0.931418709355 0.0381552572689
0.941423211606 0.0369378278059
0.951427713857 0.0358080534982
0.961432216108 0.0346800141402
0.971436718359 0.0336330924992
0.98144122061 0.0325865906
0.991445722861 0.0316152848227
1.00145022511 0.0306432812569
1.01145472736 0.0297410987701
1.02145922961 0.028837270575
1.03146373187 0.0279983746615
1.04146823412 0.0271570308503
1.05147273637 0.0263761641388
1.06147723862 0.0255921727092
1.07148174087 0.0248645907616
1.08148624312 0.0241333152481
1.09149074537 0.0234547287654
1.10149524762 0.0227719729493
1.11149974987 0.022138497353
1.12150425213 0.0215004569643
1.13150875438 0.0209085683071
1.14151325663 0.0203117887343
1.15151775888 0.019758285057
1.16152226113 0.0191996242324
1.17152676338 0.0186815916161
1.18153126563 0.0181581873721
1.19153576788 0.0176729700513
1.20154027014 0.0171822113455
1.21154477239 0.0167273853397
1.22154927464 0.0162668868386
1.23155377689 0.0158402366404
1.24155827914 0.0154078162232
1.25156278139 0.0150073141477
1.26156728364 0.0146009729561
1.27157178589 0.0142247608114
1.28157628814 0.0138426655223
1.2915807904 0.0134890383107
1.30158529265 0.0131295053567
1.3115897949 0.0127968967536
1.32159429715 0.0124583782504
1.3315987994 0.0121453476458
1.34160330165 0.0118264188204
1.3516078039 0.0115316397338
1.36161230615 0.0112309876747
1.3716168084 0.0109532373806
1.38162131066 0.0106696509543
1.39162581291 0.0104078011771
1.40163031516 0.0101401619757
1.41163481741 0.00989317053069
1.42163931966 0.00964044473177
1.43164382191 0.0094073480041
1.44164832416 0.00916857904118
1.45165282641 0.00894848520943
1.46165732866 0.00872278716187
1.47166183092 0.00851487008311
1.48166633317 0.00830142170661
1.49167083542 0.00810491539109
1.50167533767 0.00790295471931
1.51167983992 0.00771714833101
1.52168434217 0.00752596778718
1.53168884442 0.00735020111433
1.54169334667 0.00716914307894
1.55169784892 0.00700280242497
1.56170235118 0.00683125521187
1.57170685343 0.00667376966322
1.58171135568 0.00651116386214
1.59171585793 0.00636200189433
1.60172036018 0.00620780704243
1.61172486243 0.00606647343
1.62172936468 0.00592019497937
1.63173386693 0.00578622797942
1.64173836918 0.00564740453113
1.65174287144 0.00552037331322
1.66174737369 0.00538857409178
1.67175187594 0.00526807639036
1.68175637819 0.00514289893509
1.69176088044 0.00502855890269
1.70176538269 0.00490962695543
1.71176988494 0.00480109319765
1.72177438719 0.00468805476794
1.73177888944 0.0045849985429
1.7417833917 0.0044775241341
1.75178789395 0.00437963770111
1.7617923962 0.00427741868257
1.77179689845 0.00418441378615
1.7818014007 0.00408716089779
1.79180590295 0.00399876737476
1.8018104052 0.00390620935238
1.81181490745 0.00382217385071
1.8218194097 0.00373405616084
1.83182391196 0.0036541409605
1.84182841421 0.00357022463531
1.85183291646 0.00349420656186
1.86183741871 0.0034142671251
1.87184192096 0.00334193654804
1.88184642321 0.00326576302427
1.89185092546 0.00319692293275
1.90185542771 0.00312431693255
1.91185992996 0.00305878208167
1.92186443222 0.00298955695639
1.93186893447 0.00292715307837
1.94187343672 0.0028611331385
1.95187793897 0.00280169621288
1.96188244122 0.00273871600476
1.97188694347 0.00268209158304
1.98189144572 0.00262199521904
1.99189594797 0.00256803779904
2.00190045023 0.00251067833677
2.01190495248 0.00245925078271
2.02190945473 0.00240448964937
2.03191395698 0.00235546265399
2.04191845923 0.00230316911212
2.05192296148 0.00225642069736
2.06192746373 0.00220647134873
2.07193196598 0.00216188640202
2.08193646823 0.0021141647266
2.09194097049 0.00207163456985
2.10194547274 0.00202603049713
2.11194997499 0.00198545248592
2.12195447724 0.00194186199607
2.13195897949 0.00190313914661
2.14196348174 0.00186146389916
2.15196798399 0.00182450454101
2.16197248624 0.00178465152891
2.17197698849 0.00174936898135
2.18198149075 0.00171125020854
2.191985993 0.00167756247892
2.20199049525 0.00164109465962
2.2119949975 0.001608924162
2.22199949975 0.00157402844007
2.232004002 0.00154330173257
2.24200850425 0.0015099034195
2.2520130065 0.00148055095908
2.26201750875 0.0014485792892
2.27202201101 0.00142053520254
2.28202651326 0.00138992310425
2.29203101551 0.00136312497357
2.30203551776 0.00133380885531
2.31204002001 0.00130819751808
2.32204452226 0.00128011706816
2.33204902451 0.00125563642958
2.34205352676 0.00122873442877
2.35205802901 0.00120533128636
2.36206253127 0.00117955343229
2.37206703352 0.00115717731144
2.38207153577 0.00113247205415
2.39207603802 0.00111107505411
2.40208054027 0.00108739344181
2.41208504252 0.00106693009126
2.42208954477 0.00104422562569
2.43209404702 0.00102465274724
2.44209854927 0.0010028812479
2.45210305153 0.00098415783097
2.46210755378 0.000963277307743
2.47211205603 0.000945364389233
2.48211655828 0.000925334922657
2.49212106053 0.000908195474806
2.50212556278 0.000888979103631
2.51213006503 0.000872577928693
2.52213456728 0.000854138544159
2.53213906953 0.000838442175374
2.54214357179 0.000820745421801
2.55214807404 0.00080572203027
2.56215257629 0.00078873521152
2.57215707854 0.000774354518593
2.58216158079 0.000758046510039
2.59216608304 0.000744279704848
2.60217058529 0.000728620870492
2.61217508754 0.000715440532314
2.62217958979 0.000700402646704
2.63218409205 0.000687782671827
2.6421885943 0.0006733388465
2.65219309655 0.000661254379305
2.6621975988 0.000647378993428
2.67220210105 0.000635806361451
2.6822066033 0.000622474996438
2.69221110555 0.000611391649091
2.7022156078 0.000598581026906
2.71222011006 0.000587965477721
2.72222461231 0.000575653402665
2.73222911456 0.000565485174766
2.74223361681 0.000553650478517
2.75223811906 0.000543910053141
2.76224262131 0.000532532542875
2.77224712356 0.000523201310795
2.78225162581 0.00051226172015
2.79225612806 0.000503321935747
2.80226063032 0.000492801878506
2.81226513257 0.000484236616402
2.82226963482 0.000474118542699
2.83227413707 0.000465911656763
2.84227863932 0.000456178811687
2.85228314157 0.000448314896254
2.86228764382 0.000438951280668
2.87229214607 0.000431415633893
2.88229664832 0.000422405967394
2.89230115058 0.000415184556549
2.90230565283 0.000406514242385
2.91231015508 0.000399593671038
2.92231465733 0.000391248762916
2.93231915958 0.00038461623985
2.94232366183 0.000376583410472
2.95232816408 0.000370226720263
2.96233266633 0.000362493231556
2.97233716858 0.000356400706699
2.98234167084 0.000348954381577
2.99234617309 0.000343114876067
3.00235067534 0.000335944071684
3.01235517759 0.000330346936008
3.02235967984 0.000323440518386
3.03236418209 0.000318075575772
3.04236868434 0.000311422895741
3.05237318659 0.000306280419673
3.06237768884 0.000299871290072
3.0723821911 0.00029494198295
3.08238669335 0.000288766656951
3.0923911956 0.000284041629844
3.10239569785 0.000278090780407
3.1124002001 0.000273561533835
3.12240470235 0.00026782623421
3.1324092046 0.000263484639913
3.14241370685 0.000257956345093
3.1524182091 0.000253794628719
3.16242271136 0.000248465157856
3.17242721361 0.000244475882508
3.18243171586 0.000239337402195
3.19243621811 0.000235513452811
3.20244072036 0.000230558461184
3.21244522261 0.000226893029714
3.22244972486 0.000222114341359
3.23245422711 0.000218600912635
3.24245872936 0.000213991644225
3.25246323162 0.000210623982573
3.26246773387 0.000206177539217
3.27247223612 0.000202949675706
3.28247673837 0.000198659737963
3.29248124062 0.000195565958273
3.30248574287 0.0001914264698
3.31249024512 0.000188461302711
3.32249474737 0.000184466458488
3.33249924962 0.000181624664895
3.34250375188 0.000177768900057
3.35250825413 0.000175045462529
3.36251275638 0.000171323441698
3.37251725863 0.000168713554559
3.38252176088 0.000165120161706
3.39252626313 0.000162619221559
3.40253076538 0.000159149550337
3.41253526763 0.000156753147066
3.42253976988 0.000153402491613
3.43254427214 0.000151106399809
3.44254877439 0.000147870245972
3.45255327664 0.000145670416756
3.46255777889 0.000142544433738
3.47256228114 0.000140436986973
3.48256678339 0.000137417019375
3.49257128564 0.000135398236267
3.50257578789 0.000132480296477
3.51258029015 0.000130546612489
3.5225847924 0.000127726873459
3.53258929465 0.000125874871577
3.5425937969 0.000123149659909
3.55259829915 0.000121376064216
3.5626028014 0.000118741853576
3.57260730365 0.000117043523127
3.5826118059 0.000114496927963
3.59261630815 0.000112870850937
3.60262081041 0.000110408620479
3.61262531266 0.000108851908612
3.62262981491 0.000106470921156
3.63263431716 0.000104980804416
3.64263881941 0.000102678061855
3.65264332166 0.000101251883366
3.66264782391 9.9024505975e-05
3.67265232616 9.76597171846e-05
3.68265682841 9.5504938653e-05
3.69266133067 9.41990946886e-05
3.70266583292 9.21142573375e-05
3.71267033517 9.08650126102e-05
3.72267483742 8.88475628747e-05
3.73267933967 8.76526668488e-05
3.74268384192 8.57001509311e-05
3.75268834417 8.45574441161e-05
3.76269284642 8.2667503833e-05
3.77269734867 8.1574913921e-05
3.78270185093 7.97452827443e-05
3.79270635318 7.87008209526e-05
3.80271085543 7.69293202251e-05
3.81271535768 7.59310777736e-05
3.82271985993 7.42156130799e-05
3.83272436218 7.32617578429e-05
3.84272886443 7.16003155592e-05
3.85273336668 7.06890888608e-05
3.86273786893 6.90797328316e-05
3.87274237119 6.82094463803e-05
3.88274687344 6.66503147641e-05
3.89275137569 6.58193477316e-05
3.90275587794 6.43086499637e-05
3.91276038019 6.35154461708e-05
3.92276488244 6.2051460074e-05
3.93276938469 6.12945253226e-05
3.94277388694 5.98755943306e-05
3.95277838919 5.9153493841e-05
3.96278289145 5.77780243428e-05
3.9727873937 5.70893803004e-05
3.98279189595 5.57558391166e-05
3.9927963982 5.50993283369e-05
4.00280090045 5.3806240271e-05
4.0128054027 5.31805919537e-05
4.02280990495 5.19265374794e-05
4.0328144072 5.13305310535e-05
4.04281890945 5.01141440849e-05
4.05282341171 4.954660717e-05
4.06282791396 4.83665729275e-05
4.07283241621 4.78263793642e-05
4.08283691846 4.66814323317e-05
4.09284142071 4.61675002945e-05
4.10284592296 4.50564222704e-05
4.11285042521 4.45677124792e-05
4.12285492746 4.34893306902e-05
4.13285942971 4.30248446736e-05
4.14286393197 4.1978029993e-05
4.15286843422 4.15368084466e-05
4.16287293647 4.05204736622e-05
4.17287743872 4.01015948655e-05
4.18288194097 3.91146930498e-05
4.19288644322 3.87172713448e-05
4.20289094547 3.77587942517e-05
4.21289544772 3.7381978606e-05
4.22289994997 3.64509551745e-05
4.23290445223 3.60939277772e-05
4.24290895448 3.51894226692e-05
4.25291345673 3.48513976197e-05
4.26291795898 3.3972509846e-05
4.27292246123 3.3652731851e-05
4.28292696348 3.2798593414e-05
4.29293146573 3.24963365898e-05
4.30293596798 3.16661112163e-05
4.31294047024 3.1380677902e-05
4.32294497249 3.05735598227e-05
4.33294947474 3.03042794689e-05
4.34295397699 2.95194922258e-05
4.35295847924 2.926572031e-05
4.36296298149 2.85025156387e-05
4.37296748374 2.82636326324e-05
4.38297198599 2.75212893813e-05
4.39297648824 2.72966997686e-05
4.4029809905 2.65745228482e-05
4.41298549275 2.63636541727e-05
4.422989995 2.56609735692e-05
4.43299449725 2.54632755243e-05
4.4429989995 2.47794453406e-05
4.45300350175 2.45943888969e-05
4.463008004 2.39287864272e-05
4.47301250625 2.37558629958e-05
4.4830170085 2.3107887852e-05
4.49302151076 2.29466084829e-05
4.50302601301 2.23156817517e-05
4.51303051526 2.21655763658e-05
4.52303501751 2.1551139781e-05
4.53303951976 2.14117564291e-05
4.54304402201 2.08132716105e-05
4.55304852426 2.06841757595e-05
4.56305302651 2.01011234513e-05
4.57305752876 1.99818973157e-05
4.58306203102 1.94137766669e-05
4.59306653327 1.93040185488e-05
4.60307103552 1.87503464324e-05
4.61307553777 1.86496700961e-05
4.62308004002 1.81099804388e-05
4.63308454227 1.80180145077e-05
4.64308904452 1.749185765e-05
4.65309354677 1.74082450375e-05
4.66309804902 1.68951871306e-05
4.67310255128 1.68195844739e-05
4.68310705353 1.63192068785e-05
4.69311155578 1.62512840231e-05
4.70311605803 1.57631827594e-05
4.71312056028 1.57026222298e-05
4.72312506253 1.52264074234e-05
4.73312956478 1.51729039502e-05
4.74313406703 1.47081993088e-05
4.75313856928 1.46614593446e-05
4.76314307154 1.4207901669e-05
4.77314757379 1.41676429533e-05
4.78315207604 1.37248816366e-05
4.79315657829 1.36908327389e-05
4.80316108054 1.32585293254e-05
4.81316558279 1.32304292453e-05
4.82317008504 1.28082569636e-05
4.83317458729 1.2785854726e-05
4.84317908954 1.23734980788e-05
4.8531835918 1.23565523555e-05
4.86318809405 1.19537066858e-05
4.8731925963 1.1941985405e-05
4.88319709855 1.15483565248e-05
4.8932016008 1.15416365404e-05
4.90320610305 1.115694033e-05
4.9132106053 1.11550070734e-05
4.92321510755 1.0778969129e-05
4.9332196098 1.07816162718e-05
4.94322411206 1.04139715423e-05
4.95322861431 1.04210006938e-05
4.96323311656 1.00614931511e-05
4.97323761881 1.00727135492e-05
4.98324212106 9.72109585729e-06
4.99324662331 9.73632407723e-06
5.00325112556 9.39235727154e-06
5.01325562781 9.41141695403e-06
5.02326013007 9.07487015609e-06
5.03326463232 9.09759172664e-06
5.04326913457 8.76824184293e-06
5.05327363682 8.79446226629e-06
5.06327813907 8.4720937027e-06
5.07328264132 8.50165622477e-06
5.08328714357 8.1860606381e-06
5.09329164582 8.21881455521e-06
5.10329614807 7.90979057056e-06
5.11330065033 7.94559099202e-06
5.12330515258 7.64294397241e-06
5.13330965483 7.68165160883e-06
5.14331415708 7.38519340288e-06
5.15331865933 7.42667434879e-06
5.16332316158 7.13622306781e-06
5.17332766383 7.1803485962e-06
5.18333216608 6.89572839131e-06
5.19333666833 6.94237476511e-06
5.20334117059 6.66341560311e-06
5.21334567284 6.71246388261e-06
5.22335017509 6.43900135921e-06
5.23335467734 6.49033721133e-06
5.24335917959 6.22221233219e-06
5.25336368184 6.27572588055e-06
5.26336818409 6.01278488359e-06
5.27337268634 6.068370514e-06
5.28337718859 5.81046468361e-06
5.29338169085 5.86802089937e-06
5.3033861931 5.61500638598e-06
5.31339069535 5.67443564709e-06
5.3233951976 5.42617329821e-06
5.33339969985 5.48738187426e-06
5.3434042021 5.24373706583e-06
5.35340870435 5.30663489422e-06
5.3634132066 5.06747738485e-06
5.37341770885 5.13197792222e-06
5.38342221111 4.89718168427e-06
5.39342671336 4.96320179309e-06
5.40343121561 4.73264487902e-06
5.41343571786 4.80010468179e-06
5.42344022011 4.5736690753e-06
5.43344472236 4.64249183786e-06
5.44344922461 4.4200633226e-06
5.45345372686 4.49017534047e-06
5.46345822911 4.27164336007e-06
5.47346273137 4.34297383703e-06
5.48346723362 4.12823137723e-06
5.49347173587 4.20071232629e-06
5.50347623812 3.98965579088e-06
5.51348074037 4.06322191561e-06
5.52348524262 3.85575100457e-06
5.53348974487 3.93033960662e-06
5.54349424712 3.72635721245e-06
5.55349874937 3.80190809427e-06
5.56350325163 3.60132017609e-06
5.57350775388 3.67777554471e-06
5.58351225613 3.48049104113e-06
5.59351675838 3.55779541672e-06
5.60352126063 3.36372613276e-06
5.61352576288 3.44182625991e-06
5.62353026513 3.25088677263e-06
5.63353476738 3.32973154876e-06
5.64353926963 3.1418391137e-06
5.65354377189 3.22137948996e-06
5.66354827414 3.03645394785e-06
5.67355277639 3.11664286812e-06
5.68355727864 2.93460655882e-06
5.69356178089 3.0153988767e-06
5.70356628314 2.83617655088e-06
5.71357078539 2.91752895851e-06
5.72357528764 2.74104771025e-06
5.73357978989 2.82291866644e-06
5.74358429215 2.64910782988e-06
5.7535887944 2.73145750567e-06
5.76359329665 2.56024860163e-06
5.7735977989 2.64303880255e-06
5.78360230115 2.47436545144e-06
5.7936068034 2.55755956316e-06
5.80361130565 2.39135742178e-06
5.8136158079 2.47492034573e-06
5.82362031016 2.31112703986e-06
5.83362481241 2.39502514465e-06
5.84362931466 2.23358019274e-06
5.85363381691 2.31778124947e-06
5.86363831916 2.15862601319e-06
5.87364282141 2.24309914682e-06
5.88364732366 2.08617676074e-06
5.89365182591 2.17089240334e-06
5.90365632816 2.01614771772e-06
5.91366083042 2.10107754988e-06
5.92366533267 1.9484570759e-06
5.93366983492 2.03357398567e-06
5.94367433717 1.8830258382e-06
5.95367883942 1.96830387853e-06
5.96368334167 1.8197777303e-06
5.97368784392 1.90519206299e-06
5.98369234617 1.75863906896e-06
5.99369684842 1.84416594179e-06
6.00370135068 1.69953873112e-06
6.01370585293 1.78515541715e-06
6.02371035518 1.64240800626e-06
6.03371485743 1.72809277474e-06
6.04371935968 1.58718054513e-06
6.05372386193 1.67291262859e-06
6.06372836418 1.53379226606e-06
6.07373286643 1.61955181014e-06
6.08373736868 1.48218127901e-06
6.09374187094 1.56794932241e-06
6.10374637319 1.43228781808e-06
6.11375087544 1.51804624916e-06
6.12375537769 1.38405414117e-06
6.13375987994 1.46978566839e-06
6.14376438219 1.3374244875e-06
6.15376888444 1.42311260657e-06
6.16377338669 1.29234499506e-06
6.17377788894 1.37797396232e-06
6.1837823912 1.24876363481e-06
6.19378689345 1.33431843824e-06
6.2037913957 1.2066301538e-06
6.21379589795 1.29209647899e-06
6.2238004002 1.16589600565e-06
6.23380490245 1.25126021764e-06
6.2438094047 1.12651429777e-06
6.25381390695 1.21176341089e-06
6.2638184092 1.08843973132e-06
6.27382291146 1.17356137871e-06
6.28382741371 1.05162854348e-06
6.29383191596 1.13661096636e-06
6.30383641821 1.01603845856e-06
6.31384092046 1.10087046995e-06
6.32384542271 9.81628635306e-07
6.33384992496 1.06629960702e-06
6.34385442721 9.48359620615e-07
6.35385892946 1.03285945404e-06
6.36386343172 9.16193285472e-07
6.37386793397 1.00051240349e-06
6.38387243622 8.85092812647e-07
6.39387693847 9.69222117263e-07
6.40388144072 8.55022610248e-07
6.41388594297 9.38953491347e-07
6.42389044522 8.2594830361e-07
6.43389494747 9.0967260146e-07
6.44389944972 7.97836675077e-07
6.45390395198 8.81346664046e-07
6.46390845423 7.70655627488e-07
6.47391295648 8.53944009161e-07
6.48391745873 7.44374154385e-07
6.49392196098 8.27434031024e-07
6.50392646323 7.18962287733e-07
6.51393096548 8.01787151363e-07
6.52393546773 6.94391074023e-07
6.53393996998 7.76974789186e-07
6.54394447224 6.70632533673e-07
6.55394897449 7.52969324115e-07
6.56395347674 6.4765963267e-07
6.57395797899 7.29744066863e-07
6.58396248124 6.25446245891e-07
6.59396698349 7.07273222029e-07
6.60397148574 6.03967127207e-07
6.61397598799 6.85531861692e-07
6.62398049025 5.83197878197e-07
6.6339849925 6.64495892227e-07
6.64398949475 5.63114923207e-07
6.653993997 6.44142028931e-07
6.66399849925 5.43695472602e-07
6.6740030015 6.24447768845e-07
6.68400750375 5.24917512161e-07
6.694012006 6.05391363705e-07
6.70401650825 5.06759763011e-07
6.71402101051 5.86951789551e-07
6.72402551276 4.89201649124e-07
6.73403001501 5.69108727647e-07
6.74403451726 4.7222330108e-07
6.75403901951 5.5184254e-07
6.76404352176 4.55805504298e-07
6.77404802401 5.35134240899e-07
6.78405252626 4.39929690984e-07
6.79405702851 5.18965490024e-07
6.80406153077 4.24577915987e-07
6.81406603302 5.03318540362e-07
6.82407053527 4.09732828393e-07
6.83407503752 4.88176251007e-07
6.84407953977 3.95377670911e-07
6.85408404202 4.73522055061e-07
6.86408854427 3.81496231043e-07
6.87409304652 4.59339926551e-07
6.88409754877 3.68072848534e-07
6.89410205103 4.4561438212e-07
6.90410655328 3.55092382141e-07
6.91411105553 4.3233044941e-07
6.92411555778 3.42540194942e-07
6.93412006003 4.19473655818e-07
6.94412456228 3.30402143581e-07
6.95412906453 4.07030014842e-07
6.96413356678 3.18664546303e-07
6.97413806903 3.94985991806e-07
6.98414257129 3.07314189512e-07
6.99414707354 3.83328517223e-07
7.00415157579 2.96338291659e-07
7.01415607804 3.72044946477e-07
7.02416058029 2.85724500482e-07
7.03416508254 3.61123058646e-07
7.04416958479 2.75460875376e-07
7.05417408704 3.5055103504e-07
7.06417858929 2.65535863814e-07
7.07418309155 3.40317451484e-07
7.0841875938 2.55938314701e-07
7.09419209605 3.30411260449e-07
7.1041965983 2.46657434105e-07
7.11420110055 3.20821781913e-07
7.1242056028 2.37682788771e-07
7.13421010505 3.11538689947e-07
7.1442146073 2.29004295279e-07
7.15421910955 3.0255199771e-07
7.16422361181 2.20612205199e-07
7.17422811406 2.93852052568e-07
7.18423261631 2.12497092352e-07
7.19423711856 2.85429519011e-07
7.20424162081 2.04649840441e-07
7.21424612306 2.77275367959e-07
7.22425062531 1.97061639652e-07
7.23425512756 2.69380873728e-07
7.24425962981 1.8972397276e-07
7.25426413207 2.61737595128e-07
7.26426863432 1.82628601261e-07
7.27427313657 2.54337373159e-07
7.28427763882 1.75767565674e-07
7.29428214107 2.47172309243e-07
7.30428664332 1.69133157379e-07
7.31429114557 2.40234770464e-07
7.32429564782 1.62717929905e-07
7.33430015008 2.3351738278e-07
7.34430465233 1.56514693508e-07
7.35430915458 2.270130046e-07
7.36431365683 1.50516478992e-07
7.37431815908 2.20714732662e-07
7.38432266133 1.44716560929e-07
7.39432716358 2.14615892134e-07
7.40433166583 1.39108428154e-07
7.41433616808 2.08710032447e-07
7.42434067034 1.33685791023e-07
7.43434517259 2.02990900632e-07
7.44434967484 1.28442556342e-07
7.45435417709 1.97452466406e-07
7.46435867934 1.23372846669e-07
7.47436318159 1.92088887784e-07
7.48436768384 1.18470967851e-07
7.49437218609 1.86894516341e-07
7.50437668834 1.1373142329e-07
7.5143811906 1.81863889794e-07
7.52438569285 1.09148882275e-07
7.5343901951 1.7699172535e-07
7.54439469735 1.04718205224e-07
7.5543991996 1.72272911408e-07
7.56440370185 1.00434416631e-07
7.5744082041 1.67702508801e-07
7.58441270635 9.62927012338e-08
7.5944172086 1.63275733275e-07
7.60442171086 9.22884085895e-08
7.61442621311 1.58987964356e-07
7.62443071536 8.84170341881e-08
7.63443521761 1.54834727967e-07
7.64443971986 8.46742305671e-08
7.65444422211 1.50811700282e-07
7.66444872436 8.10557904418e-08
7.67445322661 1.46914694975e-07
7.68445772886 7.75576371918e-08
7.69446223112 1.4313966898e-07
7.70446673337 7.41758353527e-08
7.71447123562 1.39482698211e-07
7.72447573787 7.09065844156e-08
7.73448024012 1.35940005184e-07
7.74448474237 6.77461953349e-08
7.75448924462 1.32507921761e-07
7.76449374687 6.46911103065e-08
7.77449824912 1.29182905016e-07
7.78450275138 6.17378858913e-08
7.79450725363 1.25961530462e-07
7.80451175588 5.88831935579e-08
7.81451625813 1.22840475063e-07
7.82452076038 5.61238056496e-08
7.83452526263 1.19816537126e-07
7.84452976488 5.34566115654e-08
7.85453426713 1.16886611848e-07
7.86453876938 5.08786017822e-08
7.87454327164 1.14047700362e-07
7.88454777389 4.83868555703e-08
7.89455227614 1.11296893266e-07
7.90455677839 4.59785595226e-08
7.91456128064 1.08631384336e-07
7.92456578289 4.36509796266e-08
7.93457028514 1.06048453533e-07
7.94457478739 4.14014875841e-08
7.95457928964 1.03545471298e-07
7.9645837919 3.92275305181e-08
7.97458829415 1.01119901173e-07
7.9845927964 3.7126642123e-08
7.99459729865 9.8769272615e-08
8.0046018009 3.50964342775e-08
8.01460630315 9.64912116326e-08
8.0246108054 3.31346122749e-08
8.03461530765 9.42834119721e-08
8.0446198099 3.12389252476e-08
8.05462431216 9.21436455662e-08
8.06462881441 2.94072257233e-08
8.07463331666 9.00697557314e-08
8.08463781891 2.76374276915e-08
8.09464232116 8.80596615499e-08
8.10464682341 2.59275070526e-08
8.11465132566 8.61113392073e-08
8.12465582791 2.42755139878e-08
8.13466033017 8.4222838692e-08
8.14466483242 2.26795589995e-08
8.15466933467 8.23922710516e-08
8.16467383692 2.11378150205e-08
8.17467833917 8.06178092968e-08
8.18468284142 1.96485133654e-08
8.19468734367 7.88976849538e-08
8.20469184592 1.82099469055e-08
8.21469634817 7.72301851942e-08
8.22470085043 1.68204620287e-08
8.23470535268 7.56136591821e-08
8.24470985493 1.54784584211e-08
8.25471435718 7.40465024637e-08
8.26471885943 1.41823933372e-08
8.27472336168 7.25271654012e-08
8.28472786393 1.29307687554e-08
8.29473236618 7.10541523741e-08
8.30473686843 1.1722136546e-08
8.31474137069 6.96260094983e-08
8.32474587294 1.05551000929e-08
8.33475037519 6.82413334538e-08
8.34475487744 9.42830421724e-09
8.35475937969 6.68987694252e-08
8.36476388194 8.34044253961e-09
8.37476838419 6.55970005832e-08
8.38477288644 7.29024613909e-09
8.39477738869 6.43347588117e-08
8.40478189095 6.27649393658e-09
8.4147863932 6.31108144648e-08
8.42479089545 5.29800300011e-09
8.4347953977 6.19239747799e-08
8.44479989995 4.35361991787e-09
8.4548044022 6.0773089699e-08
8.46480890445 3.44224733158e-09
8.4748134067 5.96570502491e-08
8.48481790895 2.56280777466e-09
8.49482241121 5.85747690103e-08
8.50482691346 1.71426618447e-09
8.51483141571 5.75252115479e-08
8.52483591796 8.95623812956e-10
8.53484042021 5.6507369133e-08
8.54484492246 1.05913939674e-10
8.55484942471 5.55202664373e-08
8.56485392696 -6.55806097038e-10
8.57485842921 5.45629564726e-08
8.58486293147 -1.39043743001e-09
8.59486743372 5.36345278499e-08
8.60487193597 -2.09885855506e-09
8.61487643822 5.27340971534e-08
8.62488094047 -2.78191571094e-09
8.63488544272 5.18608075392e-08
8.64488994497 -3.44042584887e-09
8.65489444722 5.10138365129e-08
8.66489894947 -4.07518384869e-09
8.67490345173 5.01923808031e-08
8.68490795398 -4.6869531346e-09
8.69491245623 4.93956696971e-08
8.70491695848 -5.27647334693e-09
8.71492146073 4.86229518854e-08
8.72492596298 -5.84446256443e-09
8.73493046523 4.78735046721e-08
8.74493496748 -6.39161023713e-09
8.75493946973 4.71466294515e-08
8.76494397199 -6.9185841563e-09
8.77494847424 4.64416501421e-08
8.78495297649 -7.42603289659e-09
8.79495747874 4.57579072973e-08
8.80496198099 -7.91457999344e-09
8.81496648324 4.5094771655e-08
8.82497098549 -8.38482744986e-09
8.83497548774 4.44516316819e-08
8.84497998999 -8.83736287476e-09
8.85498449225 4.38278906733e-08
8.8649889945 -9.27274684425e-09
8.87499349675 4.32229801147e-08
8.884997999 -9.69152572598e-09
8.89500250125 4.26363436379e-08
8.9050070035 -1.00942253417e-08
8.91501150575 4.20674481789e-08
8.925016008 -1.04813532298e-08
8.93502051026 4.15157754634e-08
8.94502501251 -1.08534032066e-08
8.95502951476 4.09808258048e-08
8.96503401701 -1.12108480159e-08
8.97503851926 4.04621137722e-08
8.98504302151 -1.1554147509e-08
8.99504752376 3.9959174172e-08
9.00505202601 -1.18837429735e-08
9.01505652826 3.94715537902e-08
9.02506103052 -1.22000646936e-08
9.03506553277 3.89988197122e-08
9.04507003502 -1.25035213009e-08
9.05507453727 3.85405441738e-08
9.06507903952 -1.27945144708e-08
9.07508354177 3.80963251489e-08
9.08508804402 -1.30734293628e-08
9.09509254627 3.76657640483e-08
9.10509704852 -1.33406364635e-08
9.11510155078 3.72484875368e-08
9.12510605303 -1.35964903568e-08
9.13511055528 3.68441256977e-08
9.14511505753 -1.3841342899e-08
9.15511955978 3.64523206693e-08
9.16512406203 -1.40755217389e-08
9.17512856428 3.60727367178e-08
9.18513306653 -1.42993522415e-08
9.19513756878 3.57050384903e-08
9.20514207104 -1.45131440423e-08
9.21514657329 3.53489094898e-08
9.22515107554 -1.47171909161e-08
9.23515557779 3.5004044218e-08
9.24516008004 -1.4911791258e-08
9.25516458229 3.46701411804e-08
9.26516908454 -1.50972106984e-08
9.27517358679 3.43469199857e-08
9.28517808904 -1.52737249652e-08
9.2951825913 3.40341007413e-08
9.30518709355 -1.5441586107e-08
9.3151915958 3.37314208006e-08
9.32519609805 -1.56010459795e-08
9.3352006003 3.34386219529e-08
9.34520510255 -1.57523404085e-08
9.3552096048 3.3155458345e-08
9.36521410705 -1.58957006749e-08
9.3752186093 3.2881693809e-08
9.38522311156 -1.60313417917e-08
9.39522761381 3.26170991525e-08
9.40523211606 -1.61594827251e-08
9.41523661831 3.23614536269e-08
9.42524112056 -1.62803224932e-08
9.43524562281 3.21145471785e-08
9.44525012506 -1.63940551392e-08
9.45525462731 3.18761771175e-08
9.46525912956 -1.6500875784e-08
9.47526363182 3.16461433127e-08
9.48526813407 -1.66009529057e-08
9.49527263632 3.1424265357e-08
9.50527713857 -1.66944667086e-08
9.51528164082 3.12103598759e-08
9.52528614307 -1.67815813131e-08
9.53529064532 3.10042551579e-08
9.54529514757 -1.68624502559e-08
9.55529964982 3.08057843268e-08
9.56530415208 -1.69372287373e-08
9.57530865433 3.06147906608e-08
9.58531315658 -1.70060583347e-08
9.59531765883 3.04311229899e-08
9.60532216108 -1.70690775111e-08
9.61532666333 3.0254635147e-08
9.62533116558 -1.71264158367e-08
9.63533566783 3.00851904379e-08
9.64534017009 -1.71782023999e-08
9.65534467234 2.99226559535e-08
9.66534917459 -1.72245507959e-08
9.67535367684 2.97669069121e-08
9.68535817909 -1.72655737081e-08
9.69536268134 2.96178245624e-08
9.70536718359 -1.73013814694e-08
9.71537168584 2.94752938453e-08
9.72537618809 -1.73320706097e-08
9.73538069035 2.93392086511e-08
9.7453851926 -1.73577425013e-08
9.75538969485 2.92094638657e-08
9.7653941971 -1.73784830532e-08
9.77539869935 2.90859601716e-08
9.7854032016 -1.73943790925e-08
9.79540770385 2.89686181611e-08
9.8054122061 -1.74055046332e-08
9.81541670835 2.88573430669e-08
9.82542121061 -1.74119395802e-08
9.83542571286 2.87520577561e-08
9.84543021511 -1.74137487341e-08
9.85543471736 2.86526868078e-08
9.86543921961 -1.74109979635e-08
9.87544372186 2.85591600422e-08
9.88544822411 -1.74037467431e-08
9.89545272636 2.84714115084e-08
9.90545722861 -1.73920472274e-08
9.91546173087 2.83893837246e-08
9.92546623312 -1.73759486846e-08
9.93547073537 2.83130201837e-08
9.94547523762 -1.73554979377e-08
9.95547973987 2.82422718483e-08
9.96548424212 -1.73307336662e-08
9.97548874437 2.81770898257e-08
9.98549324662 -1.73016917717e-08
9.99549774887 2.81174376312e-08
10.0055022511 -1.72684003256e-08
10.0155067534 2.80632778015e-08
10.0255112556 -1.72308900704e-08
10.0355157579 2.80145752461e-08
10.0455202601 -1.71891784197e-08
10.0555247624 2.79713121095e-08
10.0655292646 -1.71432860167e-08
10.0755337669 2.79334558076e-08
10.0855382691 -1.70932257061e-08
10.0955427714 2.7900991907e-08
10.1055472736 -1.70390038898e-08
10.1155517759 2.78739084207e-08
10.1255562781 -1.69806282553e-08
10.1355607804 2.78521936173e-08
10.1455652826 -1.69180970299e-08
10.1555697849 2.78358494502e-08
10.1655742871 -1.6851406254e-08
10.1755787894 2.78248658878e-08
10.1855832916 -1.67805475654e-08
10.1955877939 2.78192522967e-08
10.2055922961 -1.67055095847e-08
10.2155967984 2.7819016657e-08
10.2256013007 -1.66262724228e-08
10.2356058029 2.78241705934e-08
10.2456103052 -1.65428235617e-08
10.2556148074 2.78347320341e-08
10.2656193097 -1.64551248822e-08
10.2756238119 2.78507226861e-08
10.2856283142 -1.63631568835e-08
10.2956328164 2.78721673694e-08
10.3056373187 -1.62668799095e-08
10.3156418209 2.78990998361e-08
10.3256463232 -1.61662602433e-08
10.3356508254 2.79315439815e-08
10.3456553277 -1.60612545404e-08
10.3556598299 2.79695488331e-08
10.3656643322 -1.59518195272e-08
10.3756688344 2.80131554584e-08
10.3856733367 -1.58378986438e-08
10.3956778389 2.80624075769e-08
10.4056823412 -1.57194392534e-08
10.4156868434 2.81173608243e-08
10.4256913457 -1.5596384661e-08
10.4356958479 2.81780724985e-08
10.4457003502 -1.54686672255e-08
10.4557048524 2.82445980423e-08
10.4657093547 -1.53362193071e-08
10.4757138569 2.83170104525e-08
10.4857183592 -1.51989707613e-08
10.4957228614 2.83953753651e-08
10.5057273637 -1.50568407771e-08
10.5157318659 2.84797672532e-08
10.5257363682 -1.49097521633e-08
10.5357408704 2.85702701818e-08
10.5457453727 -1.47576137202e-08
10.5557498749 2.86669620167e-08
10.5657543772 -1.46003383579e-08
10.5757588794 2.87699383912e-08
10.5857633817 -1.44378263073e-08
10.5957678839 2.88792880817e-08
10.6057723862 -1.42699801749e-08
10.6157768884 2.89951123269e-08
10.6257813907 -1.40966920605e-08
10.6357858929 2.911751656e-08
10.6457903952 -1.39178563645e-08
10.6557948974 2.92466074526e-08
10.6657993997 -1.37333510325e-08
10.675803902 2.93825000446e-08
10.6858084042 -1.35430579218e-08
10.6958129065 2.95253125782e-08
10.7058174087 -1.33468517875e-08
10.715821911 2.96751768052e-08
10.7258264132 -1.31446019296e-08
10.7358309155 2.98322137167e-08
10.7458354177 -1.29361704782e-08
10.75583992 2.99965633869e-08
10.7658444222 -1.27214157518e-08
10.7758489245 3.01683691329e-08
10.7858534267 -1.25001900556e-08
10.795857929 3.03477745098e-08
10.8058624312 -1.22723407461e-08
10.8158669335 3.05349373728e-08
10.8258714357 -1.20377043009e-08
10.835875938 3.07300145006e-08
10.8458804402 -1.17961204487e-08
10.8558849425 3.09331715913e-08
10.8658894447 -1.15474177227e-08
10.875893947 3.11445777294e-08
10.8858984492 -1.12914172472e-08
10.8959029515 3.136441635e-08
10.9059074537 -1.10279310466e-08
10.915911956 3.15928647477e-08
10.9259164582 -1.07567786345e-08
10.9359209605 3.18301216655e-08
10.9459254627 -1.0477752619e-08
10.955929965 3.20763822713e-08
10.9659344672 -1.01906514222e-08
10.9759389695 3.23318516663e-08
10.9859434717 -9.89527028086e-09
10.995947974 3.25967417912e-08
11.0059524762 -9.5913799442e-09
11.0159569785 3.28712736333e-08
11.0259614807 -9.27876526007e-09
11.035965983 3.31556714143e-08
11.0459704852 -8.95718917761e-09
11.0559749875 3.34501721751e-08
11.0659794897 -8.62641273692e-09
11.075983992 3.37550163309e-08
11.0859884942 -8.28618627787e-09
11.0959929965 3.40704588781e-08
11.1059974987 -7.93625267809e-09
11.116002001 3.4396753524e-08
11.1260065033 -7.57634887477e-09
11.1360110055 3.47341710873e-08
11.1460155078 -7.20619896289e-09
11.15602001 3.50829862828e-08
11.1660245123 -6.82552559768e-09
11.1760290145 3.54434832781e-08
11.1860335168 -6.43403340396e-09
11.196038019 3.58159588228e-08
11.2060425213 -6.03142552194e-09
11.2160470235 3.62007125669e-08
11.2260515258 -5.61739314707e-09
11.236056028 3.659806092e-08
11.2460605303 -5.19161257213e-09
11.2560650325 3.70083232242e-08
11.2660695348 -4.7537608987e-09
11.276074037 3.74318381601e-08
11.2860785393 -4.30349285864e-09
11.2960830415 3.78689435038e-08
11.3060875438 -3.840466852e-09
11.316092046 3.83199929055e-08
11.3260965483 -3.3643155247e-09
11.3361010505 3.87853575924e-08
11.3461055528 -2.87467270756e-09
11.356110055 3.9265407397e-08
11.3661145573 -2.37115086329e-09
11.3761190595 3.97605331446e-08
11.3861235618 -1.85336261872e-09
11.396128064 4.02711330264e-08
11.4061325663 -1.32089640861e-09
11.4161370685 4.07976210277e-08
11.4261415708 -7.73336781658e-10
11.436146073 4.1340417075e-08
11.4461505753 -2.10252922362e-10
11.4561550775 4.1899965193e-08
11.4661595798 3.68803498214e-10
11.476164082 4.24767085107e-08
11.4861685843 9.64283198561e-10
11.4961730865 4.30711158023e-08
11.5061775888 1.57665439858e-09
11.516182091 4.36836588036e-08
11.5261865933 2.20640836129e-09
11.5361910955 4.43148367397e-08
11.5461955978 2.85404713797e-09
11.5562001001 4.49651556814e-08
11.5662046023 3.52007666327e-09
11.5762091046 4.56351334383e-08
11.5862136068 4.20503012957e-09
11.5962181091 4.63253109016e-08
11.6062226113 4.9094521127e-09
11.6162271136 4.70362421887e-08
11.6262316158 5.63390457165e-09
11.6362361181 4.77684941829e-08
11.6462406203 6.37896290085e-09
11.6562451226 4.85226569419e-08
11.6662496248 7.14522336788e-09
11.6762541271 4.9299332265e-08
11.6862586293 7.93329779894e-09
11.6962631316 5.00991459064e-08
11.7062676338 8.74381729846e-09
11.7162721361 5.0922733991e-08
11.7262766383 9.57742978531e-09
11.7362811406 5.17707616373e-08
11.7462856428 1.04348028884e-08
11.7562901451 5.26439016086e-08
11.7662946473 1.13166245104e-08
11.7762991496 5.35428584294e-08
11.7863036518 1.22236034856e-08
11.7963081541 5.4468347951e-08
11.8063126563 1.31564677077e-08
11.8163171586 5.54211146339e-08
11.8263216608 1.41159659627e-08
11.8363261631 5.64019149717e-08
11.8463306653 1.51028723363e-08
11.8563351676 5.74115420244e-08
11.8663396698 1.61179789629e-08
11.8763441721 5.84507976563e-08
11.8863486743 1.71621050622e-08
11.8963531766 5.95205142268e-08
11.9063576788 1.82360904374e-08
11.9163621811 6.06215512383e-08
11.9263666833 1.93408043283e-08
11.9363711856 6.1754785161e-08
11.9463756878 2.04771370548e-08
11.9563801901 6.29211272869e-08
11.9663846923 2.16460050296e-08
11.9763891946 6.41215075081e-08
11.9863936968 2.28483531988e-08
11.9963981991 6.53568878568e-08
12.0064027014 2.40851556325e-08
12.0164072036 6.6628257263e-08
12.0264117059 2.53574076175e-08
12.0364162081 6.7936633124e-08
12.0464207104 2.66661459007e-08
12.0564252126 6.92830625932e-08
12.0664297149 2.8012423368e-08
12.0764342171 7.0668623773e-08
12.0864387194 2.93973339476e-08
12.0964432216 7.20944267165e-08
12.1064477239 3.08220003881e-08
12.1164522261 7.35616127521e-08
12.1264567284 3.22875789663e-08
12.1364612306 7.50713571586e-08
12.1464657329 3.37952543873e-08
12.1564702351 7.66248689864e-08
12.1664747374 3.53462495331e-08
12.1764792396 7.82233894914e-08
12.1864837419 3.69418272214e-08
12.1964882441 7.98682054751e-08
12.2064927464 3.85832801133e-08
12.2164972486 8.15606294073e-08
12.2265017509 4.02719434642e-08
12.2365062531 8.33020233181e-08
12.2465107554 4.20091895557e-08
12.2565152576 8.50937801534e-08
12.2665197599 4.37964305812e-08
12.2765242621 8.6937336843e-08
12.2865287644 4.56351182999e-08
12.2965332666 8.88341715805e-08
12.3065377689 4.75267494711e-08
12.3165422711 9.07858085385e-08
12.3265467734 4.9472864779e-08
12.3365512756 9.27938107605e-08
12.3465557779 5.14750453641e-08
12.3565602801 9.48597933846e-08
12.3665647824 5.35349254589e-08
12.3765692846 9.69854090435e-08
12.3865737869 5.56541800156e-08
12.3965782891 9.91723717553e-08
12.4065827914 5.78345354386e-08
12.4165872936 1.01422432961e-07
12.4265917959 6.00777706144e-08
12.4365962981 1.03737402296e-07
12.4466008004 6.23857127422e-08
12.4566053027 1.06119142242e-07
12.4666098049 6.47602443857e-08
12.4766143072 1.08569562034e-07
12.4866188094 6.72033012541e-08
12.4966233117 1.11090634901e-07
12.5066278139 6.97168790746e-08
12.5166323162 1.13684390106e-07
12.5266368184 7.23030257636e-08
12.5366413207 1.1635291249e-07
12.5466458229 7.49638556308e-08
12.5566503252 1.19098349798e-07
12.5666548274 7.77015397699e-08
12.5766593297 1.21922911713e-07
12.5866638319 8.05183148991e-08
12.5966683342 1.2482887463e-07
12.6066728364 8.34164806121e-08
12.6166773387 1.27818576121e-07
12.6266818409 8.63984069719e-08
12.6366863432 1.3089442692e-07
12.6466908454 8.94665300531e-08
12.6566953477 1.34058905836e-07
12.6666998499 9.26233565747e-08
12.6767043522 1.37314563044e-07
12.6867088544 9.58714721521e-08
12.6967133567 1.40664028326e-07
12.7067178589 9.92135311022e-08
12.7167223612 1.44109999153e-07
12.7267268634 1.02652269316e-07
12.7367313657 1.47655262502e-07
12.7467358679 1.06190499597e-07
12.7567403702 1.51302671147e-07
12.7667448724 1.09831112451e-07
12.7767493747 1.55055177305e-07
12.7867538769 1.13577100336e-07
12.7967583792 1.58915808387e-07
12.8067628814 1.17431518008e-07
12.8167673837 1.62887688209e-07
12.8267718859 1.21397531447e-07
12.8367763882 1.66974024307e-07
12.8467808904 1.25478385165e-07
12.8567853927 1.71178122893e-07
12.8667898949 1.29677427864e-07
12.8767943972 1.75503382573e-07
12.8867988994 1.33998097109e-07
12.8968034017 1.79953309563e-07
12.906807904 1.38443936149e-07
12.9168124062 1.84531497574e-07
12.9268169085 1.43018591854e-07
12.9368214107 1.89241656879e-07
12.946825913 1.47725814785e-07
12.9568304152 1.9408760598e-07
12.9668349175 1.52569465834e-07
12.9768394197 1.99073266133e-07
12.986843922 1.57553524895e-07
12.9968484242 2.04202685927e-07
13.0068529265 1.62682079043e-07
13.0168574287 2.09480020047e-07
13.026861931 1.67959332956e-07
13.0368664332 2.14909550323e-07
13.0468709355 1.73389634027e-07
13.0568754377 2.2049568551e-07
13.06687994 1.78977428689e-07
13.0768844422 2.26242955474e-07
13.0868889445 1.84727316235e-07
13.0968934467 2.32156031278e-07
13.106897949 1.90644015956e-07
13.1169024512 2.38239717625e-07
13.1269069535 1.96732395105e-07
13.1369114557 2.44498955645e-07
13.146915958 2.02997456953e-07
13.1569204602 2.50938836904e-07
13.1669249625 2.09444354176e-07
13.1769294647 2.57564597594e-07
13.186933967 2.16078388795e-07
13.1969384692 2.64381628795e-07
13.2069429715 2.22905019543e-07
13.2169474737 2.7139547967e-07
13.226951976 2.299298637e-07
13.2369564782 2.78611863353e-07
13.2469609805 2.37158703642e-07
13.2569654827 2.86036650554e-07
13.266969985 2.44597491863e-07
13.2769744872 2.93675902834e-07
13.2869789895 2.52252351875e-07
13.2969834917 3.01535837632e-07
13.306987994 2.60129592368e-07
13.3169924962 3.09622871553e-07
13.3269969985 2.6823570458e-07
13.3370015008 3.1794359685e-07
13.347006003 2.76577363361e-07
13.3570105053 3.26504806185e-07
13.3670150075 2.85161448782e-07
13.3770195098 3.35313492349e-07
13.387024012 2.93995044399e-07
13.3970285143 3.44376849353e-07
13.4070330165 3.03085431313e-07
13.4170375188 3.53702282097e-07
13.427042021 3.12440107719e-07
13.4370465233 3.63297413125e-07
13.4470510255 3.22066797127e-07
13.4570555278 3.73170087871e-07
13.46706003 3.3197344269e-07
13.4770645323 3.83328385566e-07
13.4870690345 3.42168227631e-07
13.4970735368 3.93780618742e-07
13.507078039 3.52659569423e-07
13.5170825413 4.0453534604e-07
13.5270870435 3.63456138941e-07
13.5370915458 4.1560137561e-07
13.547096048 3.74566854246e-07
13.5571005503 4.26987776148e-07
13.5671050525 3.86000903196e-07
13.5771095548 4.38703879398e-07
13.587114057 3.97767737277e-07
13.5971185593 4.50759298636e-07
13.6071230615 4.09877090836e-07
13.6171275638 4.63163919575e-07
13.627132066 4.22338983861e-07
13.6371365683 4.75927928127e-07
13.6471410705 4.35163726678e-07
13.6571455728 4.89061801427e-07
13.667150075 4.48361937757e-07
13.6771545773 5.02576330301e-07
13.6871590795 4.61944544319e-07
13.6971635818 5.16482620484e-07
13.707168084 4.75922801206e-07
13.7171725863 5.30792109574e-07
13.7271770885 4.90308287866e-07
13.7371815908 5.455165605e-07
13.747186093 5.05112930512e-07
13.7571905953 5.60668095052e-07
13.7671950975 5.20349002563e-07
13.7771995998 5.76259185184e-07
13.7872041021 5.36029139981e-07
13.7972086043 5.92302669458e-07
13.8072131066 5.52166350033e-07
13.8172176088 6.08811768322e-07
13.8272221111 5.6877403224e-07
13.8372266133 6.25800091838e-07
13.8472311156 5.85865966994e-07
13.8572356178 6.43281649193e-07
13.8672401201 6.03456355101e-07
13.8772446223 6.61270861315e-07
13.8872491246 6.21559804969e-07
13.8972536268 6.7978258071e-07
13.9072581291 6.40191365115e-07
13.9172626313 6.9883208959e-07
13.9272671336 6.593665185e-07
13.9372716358 7.1843512307e-07
13.9472761381 6.79101217573e-07
13.9572806403 7.38607893895e-07
13.9672851426 6.99411880748e-07
13.9772896448 7.59367076203e-07
13.9872941471 7.20315406402e-07
13.9972986493 7.80729845964e-07
14.0073031516 7.41829203875e-07
14.0173076538 8.02713884082e-07
14.0273121561 7.63971184422e-07
14.0373166583 8.253373942e-07
14.0473211606 7.86759799208e-07
14.0573256628 8.48619118649e-07
14.0673301651 8.10214036474e-07
14.0773346673 8.72578353592e-07
14.0873391696 8.34353455458e-07
14.0973436718 8.97234966052e-07
14.1073481741 8.59198187567e-07
14.1173526763 9.22609414651e-07
14.1273571786 8.84768967621e-07
14.1373616808 9.48722756803e-07
14.1473661831 9.11087136765e-07
14.1573706853 9.75596683354e-07
14.1673751876 9.38174674577e-07
14.1773796898 1.00325351365e-06
14.1873841921 9.66054209074e-07
14.1973886943 1.03171624783e-06
14.2073931966 9.94749038293e-07
14.2173976988 1.06100854625e-06
14.2274022011 1.02428315753e-06
14.2374067034 1.09115478779e-06
14.2474112056 1.0546812677e-06
14.2574157079 1.12218006762e-06
14.2674202101 1.08596880541e-06
14.2774247124 1.15411022685e-06
14.2874292146 1.11817196351e-06
14.2974337169 1.18697187388e-06
14.3074382191 1.15131771281e-06
14.3174427214 1.22079240494e-06
14.3274472236 1.18543382206e-06
14.3374517259 1.25560003632e-06
14.3474562281 1.22054889267e-06
14.3574607304 1.29142381742e-06
14.3674652326 1.25669236851e-06
14.3774697349 1.32829366141e-06
14.3874742371 1.29389457886e-06
14.3974787394 1.36624037673e-06
14.4074832416 1.33218674471e-06
14.4174877439 1.40529568221e-06
14.4274922461 1.37160102464e-06
14.4374967484 1.44549224258e-06
14.4475012506 1.4121705321e-06
14.4575057529 1.48686370016e-06
14.4675102551 1.45392937022e-06
14.4775147574 1.52944469058e-06
14.4875192596 1.49691265366e-06
14.4975237619 1.57327089434e-06
14.5075282641 1.54115654717e-06
14.5175327664 1.61837903929e-06
14.5275372686 1.58669829575e-06
14.5375417709 1.6648069643e-06
14.5475462731 1.63357625341e-06
14.5575507754 1.71259362888e-06
14.5675552776 1.68182992449e-06
14.5775597799 1.76177915808e-06
14.5875642821 1.73149997928e-06
14.5975687844 1.81240487345e-06
14.6075732866 1.78262832085e-06
14.6175777889 1.86451333292e-06
14.6275822911 1.83525809462e-06
14.6375867934 1.91814836728e-06
14.6475912956 1.88943374444e-06
14.6575957979 1.97335511887e-06
14.6676003002 1.94520103316e-06
14.6776048024 2.03018007517e-06
14.6876093047 2.00260710025e-06
14.6976138069 2.08867112314e-06
14.7076183092 2.06170050042e-06
14.7176228114 2.14887757499e-06
14.7276273137 2.12253123398e-06
14.7376318159 2.21085023062e-06
14.7476363182 2.1851508071e-06
14.7576408204 2.27464140253e-06
14.7676453227 2.24961227039e-06
14.7776498249 2.34030497724e-06
14.7876543272 2.31597026208e-06
14.7976588294 2.40789646169e-06
14.8076633317 2.38428106411e-06
14.8176678339 2.47747302077e-06
14.8276723362 2.45460264918e-06
14.8376768384 2.54909354064e-06
14.8476813407 2.52699472678e-06
14.8576858429 2.62281867704e-06
14.8676903452 2.60151881271e-06
14.8776948474 2.69871091093e-06
14.8876993497 2.67823826163e-06
14.8977038519 2.7768346e-06
14.9077083542 2.75721833963e-06
14.9177128564 2.85725603755e-06
14.9277173587 2.83852627922e-06
14.9377218609 2.94004351825e-06
14.9477263632 2.92223133824e-06
14.9577308654 3.02526739121e-06
14.9677353677 3.00840485906e-06
14.9777398699 3.11300012065e-06
14.9877443722 3.09712034026e-06
14.9977488744 3.20331637051e-06
15.0077533767 3.18845349613e-06
15.0177578789 3.29629304617e-06
15.0277623812 3.28248232642e-06
15.0377668834 3.39200937734e-06
15.0477713857 3.37928719155e-06
15.0577758879 3.49054698952e-06
15.0677803902 3.47895087204e-06
15.0777848924 3.59198997826e-06
15.0877893947 3.58155866541e-06
15.0977938969 3.69642497404e-06
15.1077983992 3.68719843915e-06
15.1178029015 3.80394124315e-06
15.1278074037 3.79596072901e-06
15.137811906 3.91463074102e-06
15.1478164082 3.90793881233e-06
15.1578209105 4.02858822773e-06
15.1678254127 4.02322879696e-06
15.177829915 4.14591131161e-06
15.1878344172 4.14192969157e-06
15.1978389195 4.26670058e-06
15.2078434217 4.26414353156e-06
15.217847924 4.39105967281e-06
15.2278524262 4.38997544139e-06
15.2378569285 4.51909537775e-06
15.2478614307 4.51953374648e-06
15.257865933 4.65091772996e-06
15.2678704352 4.65293005741e-06
15.2778749375 4.7866401069e-06
15.2878794397 4.79027939728e-06
15.297883942 4.92637934433e-06
15.3078884442 4.93170027689e-06
15.3178929465 5.07025583473e-06
15.3278974487 5.07731483415e-06
15.337901951 5.21839364017e-06
15.3479064532 5.2272489201e-06
15.3579109555 5.37092060689e-06
15.3679154577 5.38163223626e-06
15.37791996 5.52796848889e-06
15.3879244622 5.54059843876e-06
15.3979289645 5.6896730593e-06
15.4079334667 5.70428527775e-06
15.417937969 5.85617424832e-06
15.4279424712 5.87283471405e-06
15.4379469735 6.02761626409e-06
15.4479514757 6.04639304904e-06
15.457955978 6.20414773336e-06
15.4679604802 6.22511107592e-06
15.4779649825 6.38592183382e-06
15.4879694847 6.40914420723e-06
15.497973987 6.57309644807e-06
15.5079784892 6.59865262427e-06
15.5179829915 6.76583429585e-06
15.5279874937 6.79380142802e-06
15.537991996 6.96430310158e-06
15.5479964982 6.99476079804e-06
15.5580010005 7.16867574821e-06
15.5680055028 7.20170614267e-06
15.578010005 7.37913043142e-06
15.5880145073 7.41481827633e-06
15.5980190095 7.59585084287e-06
15.6080235118 7.63428358068e-06
15.618028014 7.8190263254e-06
15.6280325163 7.86029419333e-06
15.6380370185 8.04885207777e-06
15.6480415208 8.09304817237e-06
15.658046023 8.28552931362e-06
15.6680505253 8.33274970673e-06
15.6780550275 8.5292654723e-06
15.6880595298 8.57960928738e-06
15.698064032 8.78027440607e-06
15.7080685343 8.83384392925e-06
15.7180730365 9.03877659055e-06
15.7280775388 9.09567737145e-06
15.738082041 9.30499933529e-06
15.7480865433 9.36534028795e-06
15.7580910455 9.57917700005e-06
15.7680955478 9.64307050885e-06
15.77810005 9.86155122269e-06
15.7881045523 9.92911326537e-06
15.7981090545 1.01523711509e-05
15.8081135568 1.02237214081e-05
15.818118059 1.04518936879e-05
15.8281225613 1.0527155662e-05
15.8381270635 1.07603837361e-05
15.8481315658 1.08396848769e-05
15.858136068 1.10781144491e-05
15.8681405703 1.11615862901e-05
15.8781450725 1.14053675223e-05
15.8881495748 1.1493145799e-05
15.898154077 1.17424334418e-05
15.9081585793 1.18346582389e-05
15.9181630815 1.20896117803e-05
15.9281675838 1.21864276733e-05
15.938172086 1.24472114924e-05
15.9481765883 1.25487676948e-05
15.9581810905 1.28155512206e-05
15.9681855928 1.29220017279e-05
15.978190095 1.31949595995e-05
15.9881945973 1.33064633601e-05
15.9981990995 1.35857756019e-05
16.0082036018 1.37024966682e-05
16.0182081041 1.39883488518e-05
16.0282126063 1.411045655e-05
16.0382171086 1.44030399927e-05
16.0482216108 1.45307091044e-05
16.0582261131 1.48302210337e-05
16.0682306153 1.49636319723e-05
16.0782351176 1.5270275735e-05
16.0882396198 1.54096147248e-05
16.0982441221 1.5723599983e-05
16.1082486243 1.58690592615e-05
16.1182531266 1.61906022033e-05
16.1282576288 1.63423802139e-05
16.1382621311 1.6671703749e-05
16.1482666333 1.68300053582e-05
16.1582711356 1.71673393622e-05
16.1682756378 1.73323760614e-05
16.1782801401 1.76779575891e-05
16.1882846423 1.78499477221e-05
16.1982891446 1.8204021256e-05
16.2082936468 1.83831902414e-05
16.2182981491 1.87460079267e-05
16.2283026513 1.89325885122e-05
16.2383071536 1.93044104155e-05
16.2483116558 1.9498642903e-05
16.2583161581 1.98797372741e-05
16.2683206603 2.00818697886e-05
16.2783251626 2.04725133363e-05
16.2883296648 2.06828020809e-05
16.2983341671 2.1083280251e-05
16.3083386693 2.13019897848e-05
16.3183431716 2.17125970534e-05
16.3283476738 2.1940000574e-05
16.3383521761 2.23610407467e-05
16.3483566783 2.25974203786e-05
16.3583611806 2.30292069118e-05
16.3683656828 2.32748540192e-05
16.3783701851 2.37177103417e-05
16.3883746873 2.39729258381e-05
16.3983791896 2.44271856829e-05
16.4083836918 2.46922803464e-05
16.4183881941 2.51582881027e-05
16.4283926963 2.54335829397e-05
16.4383971986 2.59116940157e-05
16.4484017009 2.61975205831e-05
16.4584062031 2.66881017795e-05
16.4684107054 2.69848025678e-05
16.4784152076 2.74882324612e-05
16.4884197099 2.77961612586e-05
16.4984242121 2.8312830616e-05
16.5084287144 2.86323529124e-05
16.5184332166 2.91626650964e-05
16.5284377189 2.94941584762e-05
16.5384422211 3.00385298853e-05
16.5484467234 3.03823844513e-05
16.5584512256 3.09412449674e-05
16.5684557279 3.12978637797e-05
16.5784602301 3.18716572318e-05
16.5884647324 3.2241456757e-05
16.5984692346 3.28306414083e-05
16.6084737369 3.32140519902e-05
16.6184782391 3.38191010338e-05
16.6284827414 3.42165673817e-05
16.6384872436 3.48379694696e-05
16.6484917459 3.52499511617e-05
16.6584962481 3.58882109378e-05
16.6685007504 3.63151829427e-05
16.6785052526 3.69708216082e-05
16.6885097549 3.74132748403e-05
16.6985142571 3.80868307325e-05
16.7085187594 3.85452726061e-05
16.7185232616 3.9237301806e-05
16.7285277639 3.97122568339e-05
16.7385322661 4.04233337914e-05
16.7485367684 4.09153441861e-05
16.7585412706 4.16460623773e-05
16.7685457729 4.21556886894e-05
16.7785502751 4.29066612885e-05
16.7885547774 4.34344830682e-05
16.7985592796 4.42063436543e-05
16.8085637819 4.47529601296e-05
16.8185682841 4.55463634237e-05
16.8285727864 4.61123942214e-05
16.8385772886 4.69280168348e-05
16.8485817909 4.75141027126e-05
16.8585862931 4.8352643953e-05
16.8685907954 4.89594475714e-05
16.8785952976 4.98216302533e-05
16.8885997999 5.04498369812e-05
16.8986043022 5.13364082859e-05
16.9086088044 5.19867270244e-05
16.9186133067 5.28984593928e-05
16.9286178089 5.35716234488e-05
16.9386223112 5.45093155044e-05
16.9486268134 5.52060834853e-05
16.9586313157 5.617056099e-05
16.9686358179 5.68917177491e-05
16.9786403202 5.78838346276e-05
16.9886448224 5.86301922391e-05
16.9986493247 5.9650831592e-05
17.0086538269 6.04232303495e-05
17.0186583292 6.14733055688e-05
17.0286628314 6.22726150801e-05
17.0386673337 6.33530709611e-05
17.0486718359 6.41801912189e-05
17.0586763382 6.52920051532e-05
17.0686808404 6.61478677001e-05
17.0786853427 6.72920508923e-05
17.0886898449 6.81776200092e-05
17.0986943472 6.9355218767e-05
17.1086988494 7.02714927283e-05
17.1187033517 7.14835897906e-05
17.1287078539 7.24316021595e-05
17.1387123562 7.36793180896e-05
17.1487168584 7.4660139081e-05
17.1587213607 7.59446337209e-05
17.1687258629 7.69593716038e-05
17.1787303652 7.82818455815e-05
17.1887348674 7.9331648178e-05
17.1987393697 8.06933444893e-05
17.2087438719 8.1779400683e-05
17.2187483742 8.31816063447e-05
17.2287528764 8.43051477163e-05
17.2387573787 8.57491954795e-05
17.2487618809 8.691149797e-05
17.2587663832 8.8398768118e-05
17.2687708854 8.96011537902e-05
17.2787753877 9.11330760176e-05
17.2887798899 9.23769148788e-05
17.2987843922 9.39549702503e-05
17.3087888944 9.52416821708e-05
17.3187933967 9.68674051692e-05
17.3287978989 9.81984618764e-05
17.3388024012 9.9873442543e-05
17.3488069035 0.000101250369721
17.3588114057 0.000102976255894
17.368815908 0.000104400635364
17.3788204102 0.000106179135024
17.3888249125 0.000107652607025
17.3988294147 0.000109485490741
17.408833917 0.000111009756336
17.4188384192 0.00011289885983
17.4288429215 0.000114475683397
17.4388474237 0.000116422910227
17.448851926 0.00011805412209
17.4588564282 0.000120061446462
17.4688609305 0.000121748945635
17.4788654327 0.000123818415348
17.488869935 0.000125564172407
17.4988744372 0.000127697911938
17.5088789395 0.000129503972044
17.5188834417 0.000131704185778
17.528887944 0.000133572671833
17.5388924462 0.000135841647458
17.5488969485 0.000137774763425
17.5589014507 0.000140114875484
17.568905953 0.000142114909863
17.5789104552 0.000144528623507
17.5889149575 0.000146597952978
17.5989194597 0.000149087827832
17.608923962 0.000151228921087
17.6189284642 0.00015379761543
17.6289329665 0.000156013037226
17.6389374687 0.000158663312266
17.648941971 0.000160955727612
17.6589464732 0.000163690452052
17.6689509755 0.000166062630679
17.6789554777 0.000168884785474
17.68895998 0.000171339606505
17.6989644822 0.000174252289896
17.7089689845 0.000176792746749
17.7189734867 0.000179799179537
17.728977989 0.000182428385121
17.7389824912 0.000185531916241
17.7489869935 0.000188253108372
17.7589914957 0.000191457220732
17.768995998 0.000194273767892
17.7790005003 0.000197582084555
17.7890050025 0.000200497491926
17.7990095048 0.000203913782604
17.809014007 0.000206931698439
17.8190185093 0.000210459886359
17.8290230115 0.000213584108696
17.8390275138 0.000217228277816
17.849032016 0.000220462761579
17.8590365183 0.000224227164231
17.8690410205 0.000227576028693
17.8790455228 0.000231465093649
17.889050025 0.000234932630349
17.8990545273 0.000238950971317
17.9090590295 0.000242541652408
17.9190635318 0.000246694077043
17.929068034 0.000250412564112
17.9390725363 0.000254704083533
17.9490770385 0.00025855523694
17.9590815408 0.000262991075792
17.969086043 0.000266979964552
17.9790905453 0.00027156557167
17.9890950475 0.00027569748391
17.9990995498 0.0002804385436
18.009104052 0.000284718997647
18.0191085543 0.00028962144166
18.0291130565 0.00029405619778
18.0391175588 0.000299126217994
18.049122061 0.00030372129086
18.0591265633 0.000308965352733
18.0691310655 0.000313727024639
18.0791355678 0.000319151881509
18.08914007 0.000324086716415
18.0991445723 0.000329699424665
18.1091490745 0.000334814283108
18.1191535768 0.000340622218316
18.129158079 0.00034592427328
18.1391625813 0.00035193514736
18.1491670835 0.000357431901139
18.1591715858 0.000363653780622
18.169176088 0.000369353082791
18.1791805903 0.00037579440826
18.1891850925 0.000381704474793
18.1991895948 0.00038837408161
18.209194097 0.000394503515307
18.2191985993 0.00040141065575
18.2292031016 0.000407768467975
18.2392076038 0.00041492283479
18.2492121061 0.000421518468711
18.2592166083 0.000428930220339
18.2692211106 0.000435773575755
18.2792256128 0.000443453363263
18.2892301151 0.00045055482313
18.2992346173 0.000458513819021
18.3092391196 0.000465884277867
18.3192436218 0.000474134206942
18.3292481241 0.000481785101275
18.3392526263 0.000490338273668
18.3492571286 0.000498281614575
18.3592616308 0.000507150961219
18.3692661331 0.000515399369345
18.3792706353 0.00052459848001
18.3892751376 0.000533165223106
18.3992796398 0.000542708387284
18.4092841421 0.000551607420572
18.4192886443 0.000561509671429
18.4292931466 0.000570755681029
18.4392976488 0.000581032842726
18.4493021511 0.000590641292408
18.4593066533 0.00060131003108
18.4693111556 0.000611297212671
18.4793156578 0.000622375091414
18.4893201601 0.000632758179184
18.4993246623 0.000644263717434
18.5093291646 0.000655060826856
18.5193336668 0.000667013564559
18.5293381691 0.000678243815844
18.5393426713 0.00069066438291
18.5493471736 0.000702347969812
18.5593516758 0.000715258161349
18.5693561781 0.000727416425733
18.5793606803 0.000740839283671
18.5893651826 0.000753494796451
18.5993696848 0.00076745469817
18.6093741871 0.000780631347266
18.6193786893 0.000795154101983
18.6293831916 0.000808877188025
18.6393876938 0.000823990141747
18.6493921961 0.000838286482347
18.6593966983 0.000854018632308
18.6694012006 0.000868916675832
18.6794057029 0.000885298795435
18.6894102051 0.000900828745306
18.6994147074 0.000917893520721
18.7094192096 0.000934087471437
18.7194237119 0.000951869651212
18.7294282141 0.000968761737358
18.7394327164 0.000987298296445
18.7494372186 0.00100492485631
18.7594417209 0.00102425517625
18.7694462231 0.00104265493156
18.7794507254 0.0010628209987
18.7894552276 0.00108203525259
18.7994597299 0.00110308187641
18.8094642321 0.00112315473166
18.8194687344 0.00114512978583
18.8294732366 0.00116610838591
18.8394777389 0.00118906307459
18.8494822411 0.00121099787037
18.8594867434 0.00123498702327
18.8694912456 0.00125793206854
18.8794957479 0.00128301446799
18.8895002501 0.00130702774754
18.8995047524 0.001333266492
18.9095092546 0.00135841028641
18.9195137569 0.001385873195
18.9295182591 0.001412214487
18.9395227614 0.00144097455051
18.9495272636 0.00146858547838
18.9595317659 0.00149872136292
18.9695362681 0.00152767972732
18.9795407704 0.00155927633791
18.9895452726 0.00158966616932
18.9995497749 0.00162281528141
19.0095542771 0.00165472747662
19.0195587794 0.00168952844522
19.0295632816 0.00172306148249
19.0395677839 0.00175962203963
19.0495722861 0.00179488278348
19.0595767884 0.00183331993671
19.0695812906 0.00187042454533
19.0795857929 0.00191086559172
19.0895902951 0.00194994054164
19.0995947974 0.0019925242141
19.1095992996 0.00203370745921
19.1196038019 0.00207858522467
19.1296083042 0.00212202750937
19.1396128064 0.00216936504141
19.1496173087 0.00221523139088
19.1596218109 0.00226521024303
19.1696263132 0.00231368165706
19.1796308154 0.00236650116738
19.1896353177 0.00241777654891
19.1996398199 0.00247365601163
19.2096443222 0.0025279543659
19.2196488244 0.0025871355117
19.2296533267 0.00264469845825
19.2396578289 0.00270744829242
19.2496623312 0.00276854293946
19.2596668334 0.00283515699553
19.2696713357 0.00290007923491
19.2796758379 0.00297088531251
19.2896803402 0.00303996360447
19.2996848424 0.00311532607306
19.3096893447 0.00318892580358
19.3196938469 0.00326925057063
19.3296983492 0.00334777908109
19.3397028514 0.00343351934485
19.3497073537 0.00351743175641
19.3597118559 0.00360909469138
19.3697163582 0.00369890067597
19.3797208604 0.00379705523758
19.3897253627 0.00389332692843
19.3997298649 0.00399861301557
19.4097343672 0.0041019943074
19.4197388694 0.00421513359579
19.4297433717 0.00432635116736
19.4397478739 0.00444816003467
19.4497523762 0.00456803654846
19.4597568784 0.00469944167097
19.4697613807 0.00482891178753
19.4797658829 0.00497096922818
19.4897703852 0.0051110993534
19.4997748874 0.00526501832832
19.5097793897 0.00541703144517
19.5197838919 0.00558420452441
19.5297883942 0.00574951214003
19.5397928964 0.00593155452732
19.5497973987 0.0061117988374
19.559801901 0.0063106007756
19.5698064032 0.00650771184704
19.5798109055 0.00672551041707
19.5898154077 0.00694178589845
19.59981991 0.00718126601643
19.6098244122 0.00741948521507
19.6198289145 0.00768392528148
19.6298334167 0.00794751638351
19.639837919 0.00824100308623
19.6498424212 0.00853429343025
19.6598469235 0.00886204472035
19.6698514257 0.00919064192504
19.679855928 0.00955950051485
19.6898604302 0.00993088102393
19.6998649325 0.0103500782955
19.7098694347 0.0107745061667
19.719873937 0.0112568568437
19.7298784392 0.0117488300233
19.7398829415 0.012312615449
19.7498874437 0.0128931564417
19.759891946 0.0135651116647
19.7698964482 0.0142654118249
19.7799009505 0.0150854860261
19.7899054527 0.0159527213892
19.799909955 0.0169816930377
19.8099144572 0.0180883239921
19.8199189595 0.0194200210811
19.8299234617 0.0208786767034
19.839927964 0.0226596447813
19.8499324662 0.0246469400784
19.8599369685 0.0271082028687
19.8699414707 0.0299027755876
19.879945973 0.0334113703687
19.8899504752 0.0374543015562
19.8999549775 0.042597650086
19.9099594797 0.0485870951289
19.919963982 0.056314027407
19.9299684842 0.0653470604859
19.9399729865 0.0772182269467
19.9499774887 0.0909635684566
19.959981991 0.109706685947
19.9699864932 0.130186356552
19.9799909955 0.162844694118
19.9899954977 0.160208122875
20.0 0.131988367128
