0.001 3675.77431648
0.0110045022511 324.866646731
0.0210090045023 150.418196465
0.0310135067534 83.0871762645
0.0410180090045 52.0685820026
0.0510225112556 34.9622983243
0.0610270135068 24.5947138949
0.0710315157579 17.9870066832
0.081036018009 13.5163615085
0.0910405202601 10.4437522493
0.101045022511 8.22614441598
0.111049524762 6.62458853243
0.121054027014 5.41366657408
0.131058529265 4.50558260378
0.141063031516 3.79263274943
0.151067533767 3.24105743489
0.161072036018 2.79378175422
0.171076538269 2.4383332742
0.18108104052 2.1418533034
0.191085542771 1.90068841209
0.201090045023 1.69455670702
0.211094547274 1.52349082799
0.221099049525 1.37420096878
0.231103551776 1.24818921537
0.241108054027 1.1362890601
0.251112556278 1.04049341644
0.261117058529 0.954198041606
0.27112156078 0.879457274299
0.281126063032 0.811335564832
0.291130565283 0.751769372937
0.301135067534 0.696956359248
0.311139569785 0.648650641687
0.321144072036 0.603848421705
0.331148574287 0.564109017768
0.341153076538 0.527009763857
0.351157578789 0.493925111292
0.361162081041 0.462867212332
0.371166583292 0.435044009826
0.381171085543 0.408800806994
0.391175587794 0.38519936091
0.401180090045 0.362845435113
0.411184592296 0.342674046282
0.421189094547 0.323498118317
0.431193596798 0.306143393904
0.44119809905 0.289590003503
0.451202601301 0.274569619263
0.461207103552 0.260199048133
0.471211605803 0.247128913116
0.481216108054 0.234588976336
0.491220610305 0.223159876083
0.501225112556 0.212165629427
0.511229614807 0.202126261937
0.521234117059 0.192445115821
0.53123861931 0.183589540103
0.541243121561 0.175030149161
0.551247623812 0.167188345695
0.561252126063 0.159592189418
0.571256628314 0.152622858711
0.581261130565 0.145857775971
0.591265632816 0.139642775485
0.601270135068 0.133597941417
0.611274637319 0.128037940874
0.62127913957 0.122619924317
0.631283641821 0.11763097979
0.641288144072 0.112760620852
0.651292646323 0.108271450289
0.661297148574 0.103881367561
0.671301650825 0.0998311676424
0.681306153077 0.0958637537472
0.691310655328 0.0922004385437
0.701315157579 0.0886062378599
0.71131965983 0.0852850089712
0.721324162081 0.0820213968476
0.731328664332 0.0790035760191
0.741333166583 0.0760336775573
0.751337668834 0.0732857485763
0.761342171086 0.0705775490228
0.771346673337 0.068070367516
0.781351175588 0.0655959768221
0.791355677839 0.0633041155298
0.80136018009 0.0610391576359
0.811364682341 0.0589403615768
0.821369184592 0.0568634651163
0.831373686843 0.0549381963285
0.841378189095 0.0530305681942
0.851382691346 0.0512616238275
0.861387193597 0.049506690742
0.871391695848 0.0478788814786
0.881396198099 0.0462619876105
0.89140070035 0.044761865906
0.901405202601 0.0432700168631
0.911409704852 0.0418856464915
0.921414207104 0.0405072918382
0.931418709355 0.0392280518086
0.941423211606 0.0379528997008
0.951427713857 0.0367693168813
0.961432216108 0.0355881755729
0.971436718359 0.0344917813715
0.98144122061 0.0333964232808
0.991445722861 0.0323796305548
1.00145022511 0.031362675332
1.01145472736 0.0304186723624
1.02145922961 0.0294734860126
1.03146373187 0.0285961449176
1.04146823412 0.0277167525312
1.05147273637 0.0269005499363
1.06147723862 0.0260815599884
1.07148174087 0.0253215081291
1.08148624312 0.0245580466402
1.09149074537 0.0238496333715
1.10149524762 0.0231372865016
1.11149974987 0.0224764229319
1.12150425213 0.0218111868021
1.13150875438 0.0211941614718
1.14151325663 0.0205723982008
1.15151775888 0.0199958368934
1.16152226113 0.0194142359889
1.17152676338 0.018875066402
1.18153126563 0.0183306107787
1.19153576788 0.0178260313981
1.20154027014 0.0173159674037
1.21154477239 0.0168434200224
1.22154927464 0.0163652309421
1.23155377689 0.0159223763474
1.24155827914 0.0154737589361
1.25156278139 0.0150584553549
1.26156728364 0.0146372990099
1.27157178589 0.0142475829642
1.28157628814 0.0138519512058
1.2915807904 0.0134860204741
1.30158529265 0.0131141344478
1.3115897949 0.0127703328761
1.32159429715 0.0124205566294
1.3315987994 0.0120973605644
1.34160330165 0.0117681878841
1.3516078039 0.0114641940362
1.36161230615 0.0111542366614
1.3716168084 0.0108681512279
1.38162131066 0.0105761282774
1.39162581291 0.0103067571795
1.40163031516 0.0100314856532
1.41163481741 0.00977772576006
1.42163931966 0.00951811199271
1.43164382191 0.0092789432187
1.44164832416 0.00903397517868
1.45165282641 0.0088084533588
1.46165732866 0.00857719369835
1.47166183092 0.00836444415465
1.48166633317 0.00814602392959
1.49167083542 0.00794523565393
1.50167533767 0.00773884864066
1.51167983992 0.00754926902784
1.52168434217 0.00735416657391
1.53168884442 0.00717509664684
1.54169334667 0.00699058299919
1.55169784892 0.00682137307457
1.56170235118 0.00664680113575
1.57170685343 0.00648684688499
1.58171135568 0.00632161435357
1.59171585793 0.00617035321853
1.60172036018 0.00601389907484
1.61172486243 0.00587080700271
1.62172936468 0.00572260830522
1.63173386693 0.00558719677085
1.64173836918 0.0054467657327
1.65174287144 0.00531857901999
1.66174737369 0.00518546033822
1.67175187594 0.0050640730555
1.68175637819 0.00493784146855
1.69176088044 0.00482285627547
1.70176538269 0.00470311432722
1.71176988494 0.004594159853
1.72177438719 0.00448053584386
1.73177888944 0.00437726477901
1.7417833917 0.00426941088655
1.75178789395 0.00417149823188
1.7617923962 0.00406908878548
1.77179689845 0.00397623024399
1.7818014007 0.00387896013924
1.79180590295 0.00379087063785
1.8018104052 0.00369845387833
1.81181490745 0.00361486620788
1.8218194097 0.00352703456267
1.83182391196 0.00344769812553
1.84182841421 0.00336419989244
1.85183291646 0.00328887954833
1.86183741871 0.00320947841343
1.87184192096 0.00313795341488
1.88184642321 0.00306242740006
1.89185092546 0.00299449040973
1.90185542771 0.00292263090075
1.91185992996 0.00285808708365
1.92186443222 0.00278969793173
1.93186893447 0.002728364116
1.94187343672 0.00266326080688
1.95187793897 0.00260496470731
1.96188244122 0.00254297359214
1.97188694347 0.00248755309135
1.98189144572 0.00242851067416
1.99189594797 0.00237581315655
2.00190045023 0.00231956543392
2.01190495248 0.00226944716817
2.02190945473 0.00221584901663
2.03191395698 0.00216817458285
2.04191845923 0.00211708919026
2.05192296148 0.00207173094812
2.06192746373 0.00202302928562
2.07193196598 0.0019798668803
2.08193646823 0.00193342721148
2.09194097049 0.00189234711442
2.10194547274 0.0018480545389
2.11194997499 0.0018089496206
2.12195447724 0.0017666956493
2.13195897949 0.00172946478182
2.14196348174 0.00168914694147
2.15196798399 0.00165369462818
2.16197248624 0.00161521609295
2.17197698849 0.00158145212361
2.18198149075 0.00154472137163
2.191985993 0.00151256050078
2.20199049525 0.00147749099383
2.2119949975 0.0014468526408
2.22199949975 0.00141336252543
2.232004002 0.0013841704944
2.24200850425 0.00135218232277
2.2520130065 0.0013243645413
2.26201750875 0.00129380501048
2.27202201101 0.00126729328525
2.28202651326 0.00123809299349
2.29203101551 0.001212822782
2.30203551776 0.00118491600088
2.31204002001 0.00116082619786
2.32204452226 0.00113415065902
2.33204902451 0.00111118339671
2.34205352676 0.00108568009226
2.35205802901 0.00106378055332
2.36206253127 0.00103939354894
2.37206703352 0.00101850979127
2.38207153577 0.000995186051082
2.39207603802 0.000975268843711
2.40208054027 0.000952958066108
2.41208504252 0.000933960735322
2.42208954477 0.000912615199018
2.43209404702 0.000894493484068
2.44209854927 0.000874067903638
2.45210305153 0.000856779821332
2.46210755378 0.000837231211682
2.47211205603 0.000820736929355
2.48211655828 0.000802024478405
2.49212106053 0.000786286194554
2.50212556278 0.000768371143652
2.51213006503 0.000753352975865
2.52213456728 0.00073619850741
2.53213906953 0.00072186638701
2.54214357179 0.000705437518801
2.55214807404 0.000691759091814
2.56215257629 0.000676022577672
2.57215707854 0.00066296711169
2.58216158079 0.000647891347977
2.59216608304 0.000635429644511
2.60217058529 0.000620984582125
2.61217508754 0.000609088894133
2.62217958979 0.000595245955656
2.63218409205 0.000583889909877
2.6421885943 0.000570621911531
2.65219309655 0.000559780435335
2.6621975988 0.000547061513447
2.67220210105 0.000536710765936
2.6822066033 0.000524516307629
2.69221110555 0.000514633614654
2.7022156078 0.000502940192491
2.71222011006 0.000493503985423
2.72222461231 0.000482289295761
2.73222911456 0.000473279053732
2.74223361681 0.000462521858562
2.75223811906 0.000453918053952
2.76224262131 0.000443598126007
2.77224712356 0.00043538217303
2.78225162581 0.000425480243963
2.79225612806 0.000417634450103
2.80226063032 0.000408132161535
2.81226513257 0.000400639681697
2.82226963482 0.000391519538971
2.83227413707 0.000384364332176
2.84227863932 0.000375609660677
2.85228314157 0.000368776449124
2.86228764382 0.000360371352952
2.87229214607 0.000353845583357
2.88229664832 0.000345774906292
2.89230115058 0.000339542713297
2.90230565283 0.000331792001842
2.91231015508 0.000325840173444
2.92231465733 0.000318395641895
2.93231915958 0.000312711586725
2.94232366183 0.000305560084076
2.95232816408 0.000300131800444
2.96233266633 0.000293260779098
2.97233716858 0.000288076825696
2.98234167084 0.000281474311815
2.99234617309 0.000276523779975
3.00235067534 0.000270178345409
3.01235517759 0.000265450832853
3.02235967984 0.000259351568538
3.03236418209 0.000254837154475
3.04236868434 0.000248973645224
3.05237318659 0.000244662866799
3.06237768884 0.000239025167447
3.0723821911 0.000234908997396
3.08238669335 0.000229487610115
3.0923911956 0.000225557435602
3.10239569785 0.00022034328845
3.1124002001 0.000216590890981
3.12240470235 0.00021157531753
3.1324092046 0.000207992853929
3.14241370685 0.000203167573933
3.1524182091 0.000199747558286
3.16242271136 0.000195104659353
3.17242721361 0.000191839945873
3.18243171586 0.000187371866061
3.19243621811 0.000184255632832
3.20244072036 0.000179955144116
3.21244522261 0.00017698087768
3.22244972486 0.000172841070275
3.23245422711 0.000170002550964
3.24245872936 0.000166016818412
3.25246323162 0.000163308106458
3.26246773387 0.000159470131479
3.27247223612 0.000156885553798
3.28247673837 0.000153189294842
3.29248124062 0.000150723432485
3.30248574287 0.00014716311095
3.31249024512 0.000144810787195
3.32249474737 0.000141380875262
3.33249924962 0.000139137144276
3.34250375188 0.000135832353378
3.35250825413 0.000133692489449
3.36251275638 0.000130507759274
3.37251725863 0.000128467246582
3.38252176088 0.000125397734631
3.39252626313 0.000123452257516
3.40253076538 0.00012049332916
3.41253526763 0.000118638762862
3.42253976988 0.000115785981895
3.43254427214 0.00011401838376
3.44254877439 0.000111267503388
3.45255327664 0.000109583104484
3.46255777889 0.000106930058771
3.47256228114 0.000105325255921
3.48256678339 0.00010276615164
3.49257128564 0.000101237499857
3.50257578789 9.87686087098e-05
3.51258029015 9.73128139578e-05
3.5225847924 9.49305651986e-05
3.53258929465 9.35444775331e-05
3.5425937969 9.12454509248e-05
3.55259829915 8.99260579509e-05
3.5626028014 8.77069770511e-05
3.57260730365 8.64513976932e-05
3.5826118059 8.4309123471e-05
3.59261630815 8.3114602041e-05
3.60262081041 8.10461267846e-05
3.61262531266 7.99100273315e-05
3.62262981491 7.791246885e-05
3.63263431716 7.68322697786e-05
3.64263881941 7.49028658619e-05
3.65264332166 7.38761547977e-05
3.66264782391 7.20122579453e-05
3.67265232616 7.10367268571e-05
3.68265682841 6.92357992619e-05
3.69266133067 6.83092397865e-05
3.70266583292 6.65688485105e-05
3.71267033517 6.56891475287e-05
3.72267483742 6.40069599567e-05
3.73267933967 6.31720953409e-05
3.74268384192 6.15458748062e-05
3.75268834417 6.07539114036e-05
3.76269284642 5.91815130249e-05
3.77269734867 5.84305987924e-05
3.78270185093 5.69099655015e-05
3.79270635318 5.61983278434e-05
3.80271085543 5.47274865971e-05
3.81271535768 5.40534288558e-05
3.82271985993 5.26304870128e-05
3.83272436218 5.19923851282e-05
3.84272886443 5.06155270037e-05
3.85273336668 5.00118263289e-05
3.86273786893 4.86793098879e-05
3.87274237119 4.81085221446e-05
3.88274687344 4.68186758591e-05
3.89275137569 4.62793762382e-05
3.90275587794 4.50305960774e-05
3.91276038019 4.45214204621e-05
3.92276488244 4.33121670246e-05
3.93276938469 4.2831809347e-05
3.94277388694 4.16606051125e-05
3.95277838919 4.12078148296e-05
3.96278289145 4.00732415381e-05
3.9727873937 3.9646821221e-05
3.98279189595 3.85475173791e-05
3.9927963982 3.81463204106e-05
4.00280090045 3.70809788842e-05
4.0128054027 3.67039072615e-05
4.02280990495 3.5671272998e-05
4.0328144072 3.53172752245e-05
4.04281890945 3.43161430691e-05
4.05282341171 3.39842121579e-05
4.06282791396 3.30134247577e-05
4.07283241621 3.27025963133e-05
4.08283691846 3.17610421239e-05
4.09284142071 3.1470392505e-05
4.10284592296 3.05570038828e-05
4.11285042521 3.02856484631e-05
4.12285492746 2.93993998329e-05
4.13285942971 2.91464913203e-05
4.14286393197 2.82863974361e-05
4.15286843422 2.80511242791e-05
4.16287293647 2.7216238546e-05
4.17287743872 2.69978234089e-05
4.18288194097 2.61872363009e-05
4.19288644322 2.59849345945e-05
4.20289094547 2.51977721034e-05
4.21289544772 2.50108706026e-05
4.22289994997 2.42462927936e-05
4.23290445223 2.40741082909e-05
4.24290895448 2.33313078934e-05
4.25291345673 2.3173185941e-05
4.26291795898 2.24513870241e-05
4.27292246123 2.23067006886e-05
4.28292696348 2.16051573581e-05
4.29293146573 2.14733060767e-05
4.30293596798 2.07913012631e-05
4.31294047024 2.0671709714e-05
4.32294497249 2.00085539997e-05
4.33294947474 1.9900671045e-05
4.34295397699 1.92557015282e-05
4.35295847924 1.91589991879e-05
4.36296298149 1.85315784174e-05
4.37296748374 1.84455508879e-05
4.38297198599 1.78350658321e-05
4.39297648824 1.77592285631e-05
4.4029809905 1.71650896152e-05
4.41298549275 1.70989784095e-05
4.422989995 1.65206184525e-05
4.43299449725 1.64637886125e-05
4.4429989995 1.59006621076e-05
4.45300350175 1.58526876133e-05
4.463008004 1.53042697325e-05
4.47301250625 1.52647424632e-05
4.4830170085 1.47305282618e-05
4.49302151076 1.46990572417e-05
4.50302601301 1.4178560866e-05
4.51303051526 1.41547715529e-05
4.52303501751 1.36475254654e-05
4.53303951976 1.3631059061e-05
4.54304402201 1.31366133274e-05
4.55304852426 1.31271261112e-05
4.56305302651 1.26450476849e-05
4.57305752876 1.26422104003e-05
4.58306203102 1.2172082456e-05
4.59306653327 1.21755797004e-05
4.60307103552 1.17170009966e-05
4.61307553777 1.17265306404e-05
4.62308004002 1.12791148979e-05
4.63308454227 1.12943875343e-05
4.64308904452 1.08577628431e-05
4.65309354677 1.08785012666e-05
4.66309804902 1.04523095294e-05
4.67310255128 1.0478248215e-05
4.68310705353 1.00621445875e-05
4.69311155578 1.00930292215e-05
4.70311605803 9.68668160989e-06
4.71312056028 9.72226860861e-06
4.72312506253 9.32535715893e-06
4.73312956478 9.36541323757e-06
4.74313406703 8.97762985355e-06
4.75313856928 9.02193158915e-06
4.76314307154 8.64297948831e-06
4.77314757379 8.69131292538e-06
4.78315207604 8.32090617588e-06
4.79315657829 8.37306641375e-06
4.80316108054 8.01092953744e-06
4.81316558279 8.06672037217e-06
4.82317008504 7.71258791685e-06
4.83317458729 7.77182147716e-06
4.84317908954 7.42543764599e-06
4.8531835918 7.48793405524e-06
4.86318809405 7.14905230922e-06
4.8731925963 7.21463933431e-06
4.88319709855 6.8830220639e-06
4.8932016008 6.95153482366e-06
4.90320610305 6.62695297885e-06
4.9132106053 6.69823363308e-06
4.92321510755 6.3804664142e-06
4.9332196098 6.45436386697e-06
4.94322411206 6.14319839228e-06
4.95322861431 6.21956802081e-06
4.96323311656 5.91479903327e-06
4.97323761881 5.9935024171e-06
4.98324212106 5.69493198962e-06
4.99324662331 5.77583665803e-06
5.00325112556 5.48327390425e-06
5.01325562781 5.5662530923e-06
5.02326013007 5.27951391484e-06
5.03326463232 5.36444631994e-06
5.04326913457 5.08335314176e-06
5.05327363682 5.17012271253e-06
5.06327813907 4.89450422483e-06
5.07328264132 4.98299993129e-06
5.08328714357 4.71269087253e-06
5.09329164582 4.80280651067e-06
5.10329614807 4.53764741485e-06
5.11330065033 4.62928139692e-06
5.12330515258 4.36911839705e-06
5.13330965483 4.46217357322e-06
5.14331415708 4.20685817168e-06
5.15331865933 4.30124163873e-06
5.16332316158 4.05063051852e-06
5.17332766383 4.14625344696e-06
5.18333216608 3.90020827219e-06
5.19333666833 3.99698574325e-06
5.20334117059 3.7553729641e-06
5.21334567284 3.8532238051e-06
5.22335017509 3.61591449829e-06
5.23335467734 3.71476112102e-06
5.24335917959 3.48163079545e-06
5.25336368184 3.581399069e-06
5.26336818409 3.35232751218e-06
5.27337268634 3.45294659814e-06
5.28337718859 3.22781771916e-06
5.29338169085 3.32921994828e-06
5.3033861931 3.10792161669e-06
5.31339069535 3.21004235585e-06
5.3233951976 2.99246625945e-06
5.33339969985 3.09524378598e-06
5.3434042021 2.88128528477e-06
5.35340870435 2.98466067121e-06
5.3634132066 2.77421867408e-06
5.37341770885 2.87813565792e-06
5.38342221111 2.67111247258e-06
5.39342671336 2.77551736898e-06
5.40343121561 2.57181859636e-06
5.41343571786 2.67666017474e-06
5.42344022011 2.47619457388e-06
5.43344472236 2.58142395645e-06
5.44344922461 2.38410333854e-06
5.45345372686 2.48967391687e-06
5.46345822911 2.29541302391e-06
5.47346273137 2.40128034833e-06
5.48346723362 2.20999675312e-06
5.49347173587 2.31611845931e-06
5.50347623812 2.12773246165e-06
5.51348074037 2.23406816975e-06
5.52348524262 2.0485026942e-06
5.53348974487 2.1550139342e-06
5.54349424712 1.97219444184e-06
5.55349874937 2.07884457569e-06
5.56350325163 1.89869895854e-06
5.57350775388 2.00545310239e-06
5.58351225613 1.82791161136e-06
5.59351675838 1.9347365585e-06
5.60352126063 1.75973170733e-06
5.61352576288 1.8665958605e-06
5.62353026513 1.69406234935e-06
5.63353476738 1.80093566353e-06
5.64353926963 1.63081029909e-06
5.65354377189 1.73766419726e-06
5.66354827414 1.56988581628e-06
5.67355277639 1.67669314783e-06
5.68355727864 1.5112025467e-06
5.69356178089 1.61793751619e-06
5.70356628314 1.45467737516e-06
5.71357078539 1.56131548836e-06
5.72357528764 1.40023032089e-06
5.73357978989 1.50674832634e-06
5.74358429215 1.34778438804e-06
5.7535887944 1.45416023669e-06
5.76359329665 1.29726548638e-06
5.7735977989 1.40347826912e-06
5.78360230115 1.24860229544e-06
5.7936068034 1.35463220071e-06
5.80361130565 1.20172617065e-06
5.8136158079 1.30755443313e-06
5.82362031016 1.15657103718e-06
5.83362481241 1.26217990356e-06
5.84362931466 1.11307329383e-06
5.85363381691 1.21844596897e-06
5.86363831916 1.0711717186e-06
5.87364282141 1.17629233029e-06
5.88364732366 1.03080737695e-06
5.89365182591 1.13566093882e-06
5.90365632816 9.91923538095e-07
5.91366083042 1.0964959058e-06
5.92366533267 9.54465588422e-07
5.93366983492 1.05874342803e-06
5.94367433717 9.18380950455e-07
5.95367883942 1.02235170517e-06
5.96368334167 8.83619018366e-07
5.97368784392 9.87270866057e-07
5.98369234617 8.50131046799e-07
5.99369684842 9.53452885874e-07
6.00370135068 8.17870140146e-07
6.01370585293 9.20851539335e-07
6.02371035518 7.86791123743e-07
6.03371485743 8.89422302087e-07
6.04371935968 7.56850513341e-07
6.05372386193 8.59122318287e-07
6.06372836418 7.28006439221e-07
6.07373286643 8.29910304424e-07
6.08373736868 7.00218588996e-07
6.09374187094 8.01746523248e-07
6.10374637319 6.73448155476e-07
6.11375087544 7.74592709758e-07
6.12375537769 6.47657757123e-07
6.13375987994 7.48412001709e-07
6.14376438219 6.22811411523e-07
6.15376888444 7.23168912039e-07
6.16377338669 5.98874465347e-07
6.17377788894 6.98829265823e-07
6.1837823912 5.75813550324e-07
6.19378689345 6.75360148631e-07
6.2037913957 5.53596536553e-07
6.21379589795 6.52729861426e-07
6.2238004002 5.32192480847e-07
6.23380490245 6.3090788032e-07
6.2438094047 5.11571590199e-07
6.25381390695 6.09864807355e-07
6.2638184092 4.9170516962e-07
6.27382291146 5.89572320475e-07
6.28382741371 4.7256558647e-07
6.29383191596 5.70003155762e-07
6.30383641821 4.54126228336e-07
6.31384092046 5.51131040893e-07
6.32384542271 4.36361467389e-07
6.33384992496 5.32930678677e-07
6.34385442721 4.1924662409e-07
6.35385892946 5.15377701115e-07
6.36386343172 4.02757918775e-07
6.37386793397 4.98448636088e-07
6.38387243622 3.86872468192e-07
6.39387693847 4.82120871743e-07
6.40388144072 3.71568212296e-07
6.41388594297 4.66372633561e-07
6.42389044522 3.56823917948e-07
6.43389494747 4.51182943158e-07
6.44389944972 3.42619128062e-07
6.45390395198 4.36531587863e-07
6.46390845423 3.2893413916e-07
6.47391295648 4.22399103977e-07
6.48391745873 3.15749977136e-07
6.49392196098 4.08766740069e-07
6.50392646323 3.03048359387e-07
6.51393096548 3.95616427312e-07
6.52393546773 2.90811679519e-07
6.53393996998 3.82930762295e-07
6.54394447224 2.79022976244e-07
6.55394897449 3.70692977701e-07
6.56395347674 2.67665913558e-07
6.57395797899 3.58886920591e-07
6.58396248124 2.56724754156e-07
6.59396698349 3.47497029087e-07
6.60397148574 2.46184339131e-07
6.61397598799 3.36508310228e-07
6.62398049025 2.3603006435e-07
6.6339849925 3.25906316656e-07
6.64398949475 2.26247861932e-07
6.653993997 3.15677128698e-07
6.66399849925 2.16824175569e-07
6.6740030015 3.0580733833e-07
6.68400750375 2.07745956245e-07
6.694012006 2.96284026324e-07
6.70401650825 1.99000626952e-07
6.71402101051 2.87094739947e-07
6.72402551276 1.90576063389e-07
6.73403001501 2.78227483899e-07
6.74403451726 1.82460599235e-07
6.75403901951 2.69670699986e-07
6.76404352176 1.74642985442e-07
6.77404802401 2.61413247186e-07
6.78405252626 1.67112386857e-07
6.79405702851 2.53444400802e-07
6.80406153077 1.59858366179e-07
6.81406603302 2.45753808326e-07
6.82407053527 1.52870861355e-07
6.83407503752 2.38331506498e-07
6.84407953977 1.46140189678e-07
6.85408404202 2.31167896073e-07
6.86408854427 1.39657008715e-07
6.87409304652 2.24253716715e-07
6.88409754877 1.33412326461e-07
6.89410205103 2.17580052382e-07
6.90410655328 1.27397475791e-07
6.91411105553 2.11138305584e-07
6.92411555778 1.21604103271e-07
6.93412006003 2.04920192395e-07
6.94412456228 1.16024167157e-07
6.95412906453 1.98917734045e-07
6.96413356678 1.10649906624e-07
6.97413806903 1.93123227925e-07
6.98414257129 1.0547385876e-07
6.99414707354 1.87529266112e-07
7.00415157579 1.00488821466e-07
7.01415607804 1.82128698901e-07
7.02416058029 9.56878594479e-08
7.03416508254 1.76914639641e-07
7.04416958479 9.1064291299e-08
7.05417408704 1.71880447768e-07
7.06417858929 8.66116679513e-08
7.07418309155 1.67019725465e-07
7.0841875938 8.23237931999e-08
7.09419209605 1.623263032e-07
7.1041965983 7.81946828182e-08
7.11420110055 1.5779423794e-07
7.1242056028 7.42185714063e-08
7.13421010505 1.53417799282e-07
7.1442146073 7.03899072862e-08
7.15421910955 1.4919146265e-07
7.16422361181 6.67033393927e-08
7.17422811406 1.45109904658e-07
7.18423261631 6.31537100569e-08
7.19423711856 1.41167994353e-07
7.20424162081 5.97360474374e-08
7.21424612306 1.37360780945e-07
7.22425062531 5.64455628573e-08
7.23425512756 1.336835003e-07
7.24425962981 5.32776425017e-08
7.25426413207 1.30131552262e-07
7.26426863432 5.02278360645e-08
7.27427313657 1.26700509827e-07
7.28427763882 4.72918626208e-08
7.29428214107 1.23386094035e-07
7.30428664332 4.44655808164e-08
7.31429114557 1.20184185444e-07
7.32429564782 4.17450088552e-08
7.33430015008 1.17090820916e-07
7.34430465233 3.91263191631e-08
7.35430915458 1.14102168137e-07
7.36431365683 3.66058042613e-08
7.37431815908 1.11214535887e-07
7.38432266133 3.4179905721e-08
7.39432716358 1.08424366608e-07
7.40433166583 3.1845185196e-08
7.41433616808 1.05728235581e-07
7.42434067034 2.95983363518e-08
7.43434517259 1.03122826396e-07
7.44434967484 2.74361610717e-08
7.45435417709 1.00604957884e-07
7.46435867934 2.53555888167e-08
7.47436318159 9.81715527308e-08
7.48436768384 2.33536534798e-08
7.49437218609 9.58196472077e-08
7.50437668834 2.1427503655e-08
7.5143811906 9.35463835498e-08
7.52438569285 1.95743769459e-08
7.5343901951 9.13490063683e-08
7.54439469735 1.7791623788e-08
7.5543991996 8.92248557556e-08
7.56440370185 1.60766880741e-08
7.5744082041 8.71713733805e-08
7.58441270635 1.44270998769e-08
7.5944172086 8.51860853099e-08
7.60442171086 1.28404879729e-08
7.61442621311 8.32666124537e-08
7.62443071536 1.13145554268e-08
7.63443521761 8.14106547639e-08
7.64443971986 9.84710009286e-09
7.65444422211 7.96159999377e-08
7.66444872436 8.43599518913e-09
7.67445322661 7.78805090034e-08
7.68445772886 7.07918317364e-09
7.69446223112 7.62021272887e-08
7.70446673337 5.77468883117e-09
7.71447123562 7.45788588185e-08
7.72447573787 4.52061274062e-09
7.73448024012 7.30087977718e-08
7.74448474237 3.31511020738e-09
7.75448924462 7.14900914065e-08
7.76449374687 2.15641412468e-09
7.77449824912 7.00209586329e-08
7.78450275138 1.04281764445e-09
7.79450725363 6.85996840629e-08
7.80451175588 -2.7322048967e-11
7.81451625813 6.72246048587e-08
7.82452076038 -1.05559639284e-09
7.83452526263 6.58941282423e-08
7.84452976488 -2.04352901292e-09
7.85453426713 6.46067118981e-08
7.86453876938 -2.9925903744e-09
7.87454327164 6.33608707564e-08
7.88454777389 -3.90420750441e-09
7.89455227614 6.21551664923e-08
7.90455677839 -4.77974227786e-09
7.91456128064 6.09882206976e-08
7.92456578289 -5.62052376885e-09
7.93457028514 5.98586951589e-08
7.94457478739 -6.42781532633e-09
7.95457928964 5.87653047418e-08
7.9645837919 -7.20284542709e-09
7.97458829415 5.77068153308e-08
7.9845927964 -7.9467959699e-09
7.99459729865 5.66820205591e-08
8.0046018009 -8.6608086208e-09
8.01460630315 5.56897727937e-08
8.0246108054 -9.34596884874e-09
8.03461530765 5.4728955028e-08
8.0446198099 -1.00033548883e-08
8.05462431216 5.37984943478e-08
8.06462881441 -1.06339748958e-08
8.07463331666 5.28973534857e-08
8.08463781891 -1.12388119597e-08
8.09464232116 5.20245375934e-08
8.10464682341 -1.18188185259e-08
8.11465132566 5.11790773887e-08
8.12465582791 -1.23749041515e-08
8.13466033017 5.03600450984e-08
8.14466483242 -1.29079517368e-08
8.15466933467 4.95665438446e-08
8.16467383692 -1.34188080754e-08
8.17467833917 4.87977089178e-08
8.18468284142 -1.39082955725e-08
8.19468734367 4.80527040567e-08
8.20469184592 -1.43771994409e-08
8.21469634817 4.73307233984e-08
8.22470085043 -1.48262807308e-08
8.23470535268 4.66309934758e-08
8.24470985493 -1.52562738204e-08
8.25471435718 4.5952761835e-08
8.26471885943 -1.56678817033e-08
8.27472336168 4.52953047692e-08
8.28472786393 -1.60617874995e-08
8.29473236618 4.46579292123e-08
8.30473686843 -1.6438647171e-08
8.31474137069 4.40399588841e-08
8.32474587294 -1.67990924198e-08
8.33475037519 4.34407433442e-08
8.34475487744 -1.71437345411e-08
8.35475937969 4.28596598519e-08
8.36476388194 -1.74731581833e-08
8.37476838419 4.22961009967e-08
8.38477288644 -1.77879325583e-08
8.39477738869 4.17494866234e-08
8.40478189095 -1.80886007957e-08
8.4147863932 4.12192540012e-08
8.42479089545 -1.8375687834e-08
8.4347953977 4.07048577673e-08
8.44479989995 -1.86497082961e-08
8.4548044022 4.02057751879e-08
8.46480890445 -1.89111414518e-08
8.4748134067 3.97215059396e-08
8.48481790895 -1.91604635896e-08
8.49482241121 3.92515529171e-08
8.50482691346 -1.93981289236e-08
8.51483141571 3.87954532862e-08
8.52483591796 -1.96245709957e-08
8.53484042021 3.83527541672e-08
8.54484492246 -1.98402091714e-08
8.55484942471 3.79230178314e-08
8.56485392696 -2.00454558458e-08
8.57485842921 3.75058185516e-08
8.58486293147 -2.02406983529e-08
8.59486743372 3.71007509263e-08
8.60487193597 -2.04263148689e-08
8.61487643822 3.67074224461e-08
8.62488094047 -2.06026686916e-08
8.63488544272 3.63254511584e-08
8.64488994497 -2.07701084582e-08
8.65489444722 3.59544750246e-08
8.66489894947 -2.09289740941e-08
8.67490345173 3.55941377624e-08
8.68490795398 -2.10795881272e-08
8.69491245623 3.524410261e-08
8.70491695848 -2.1222263371e-08
8.71492146073 3.49040367092e-08
8.72492596298 -2.13573036813e-08
8.73493046523 3.45736250418e-08
8.74493496748 -2.14849980462e-08
8.75493946973 3.42525621088e-08
8.76494397199 -2.1605624584e-08
8.77494847424 3.39405556975e-08
8.78495297649 -2.17194550007e-08
8.79495747874 3.36373151432e-08
8.80496198099 -2.18267484841e-08
8.81496648324 3.33425696542e-08
8.82497098549 -2.19277529775e-08
8.83497548774 3.30560567208e-08
8.84497998999 -2.20227123439e-08
8.85498449225 3.2777515865e-08
8.8649889945 -2.2111855305e-08
8.87499349675 3.25067048427e-08
8.884997999 -2.21954073844e-08
8.89500250125 3.2243382719e-08
8.9050070035 -2.22735818768e-08
8.91501150575 3.19873226682e-08
8.925016008 -2.23465855512e-08
8.93502051026 3.17383026305e-08
8.94502501251 -2.24146187461e-08
8.95502951476 3.14961106827e-08
8.96503401701 -2.24778712243e-08
8.97503851926 3.12605391654e-08
8.98504302151 -2.25365294458e-08
8.99504752376 3.10313914809e-08
9.00505202601 -2.25907685496e-08
9.01505652826 3.08084753388e-08
9.02506103052 -2.26407622442e-08
9.03506553277 3.05916098242e-08
9.04507003502 -2.26866710812e-08
9.05507453727 3.03806104623e-08
9.06507903952 -2.27286555439e-08
9.07508354177 3.01753125852e-08
9.08508804402 -2.27668678895e-08
9.09509254627 2.99755449933e-08
9.10509704852 -2.2801454276e-08
9.11510155078 2.97811553993e-08
9.12510605303 -2.2832549973e-08
9.13511055528 2.95919883598e-08
9.14511505753 -2.28602975418e-08
9.15511955978 2.94078917913e-08
9.16512406203 -2.28848200528e-08
9.17512856428 2.9228730273e-08
9.18513306653 -2.29062460953e-08
9.19513756878 2.9054360969e-08
9.20514207104 -2.29246957189e-08
9.21514657329 2.88846538675e-08
9.22515107554 -2.29402783116e-08
9.23515557779 2.8719484385e-08
9.24516008004 -2.29531142495e-08
9.25516458229 2.85587243071e-08
9.26516908454 -2.29632983748e-08
9.27517358679 2.84022616616e-08
9.28517808904 -2.29709403045e-08
9.2951825913 2.82499790677e-08
9.30518709355 -2.29761322018e-08
9.3151915958 2.81017700495e-08
9.32519609805 -2.29789716872e-08
9.3352006003 2.79575274737e-08
9.34520510255 -2.2979546169e-08
9.3552096048 2.78171514698e-08
9.36521410705 -2.2977942422e-08
9.3752186093 2.7680545748e-08
9.38522311156 -2.29742390274e-08
9.39522761381 2.75476163876e-08
9.40523211606 -2.29685199188e-08
9.41523661831 2.74182738518e-08
9.42524112056 -2.29608562745e-08
9.43524562281 2.72924324125e-08
9.44525012506 -2.29513195417e-08
9.45525462731 2.71700101865e-08
9.46525912956 -2.29399855369e-08
9.47526363182 2.70509232536e-08
9.48526813407 -2.29269082885e-08
9.49527263632 2.69351032758e-08
9.50527713857 -2.29121583173e-08
9.51528164082 2.68224730938e-08
9.52528614307 -2.28957949536e-08
9.53529064532 2.67129638762e-08
9.54529514757 -2.28778703126e-08
9.55529964982 2.66065079624e-08
9.56530415208 -2.28584425562e-08
9.57530865433 2.65030424409e-08
9.58531315658 -2.28375605307e-08
9.59531765883 2.64025071442e-08
9.60532216108 -2.28152738699e-08
9.61532666333 2.63048418234e-08
9.62533116558 -2.27916270234e-08
9.63533566783 2.62099930508e-08
9.64534017009 -2.27666681666e-08
9.65534467234 2.61179064817e-08
9.66534917459 -2.27404332947e-08
9.67535367684 2.60285322882e-08
9.68535817909 -2.27129615649e-08
9.69536268134 2.59418239355e-08
9.70536718359 -2.26842925058e-08
9.71537168584 2.58577343222e-08
9.72537618809 -2.26544566524e-08
9.73538069035 2.57762214755e-08
9.7453851926 -2.26234917913e-08
9.75538969485 2.56972420191e-08
9.7653941971 -2.25914235933e-08
9.77539869935 2.56207543616e-08
9.7854032016 -2.25582833411e-08
9.79540770385 2.55467333248e-08
9.8054122061 -2.25240906753e-08
9.81541670835 2.54751357594e-08
9.82542121061 -2.24888765093e-08
9.83542571286 2.54059327372e-08
9.84543021511 -2.24526576451e-08
9.85543471736 2.53390939621e-08
9.86543921961 -2.2415456178e-08
9.87544372186 2.52745915873e-08
9.88544822411 -2.2377291442e-08
9.89545272636 2.5212398096e-08
9.90545722861 -2.23381771205e-08
9.91546173087 2.51524922346e-08
9.92546623312 -2.22981283885e-08
9.93547073537 2.50948501068e-08
9.94547523762 -2.22571595185e-08
9.95547973987 2.50394540288e-08
9.96548424212 -2.2215280073e-08
9.97548874437 2.49862812079e-08
9.98549324662 -2.21725005691e-08
9.99549774887 2.49353203654e-08
10.0055022511 -2.21288247148e-08
10.0155067534 2.48865552765e-08
10.0255112556 -2.2084263274e-08
10.0355157579 2.48399704422e-08
10.0455202601 -2.20388155901e-08
10.0555247624 2.47955633461e-08
10.0655292646 -2.19924875887e-08
10.0755337669 2.47533157196e-08
10.0855382691 -2.19452786756e-08
10.0955427714 2.47132235897e-08
10.1055472736 -2.18971867194e-08
10.1155517759 2.46752827343e-08
10.1255562781 -2.18482117792e-08
10.1355607804 2.46394874779e-08
10.1455652826 -2.17983479557e-08
10.1555697849 2.46058423035e-08
10.1655742871 -2.17475889375e-08
10.1755787894 2.45743376352e-08
10.1855832916 -2.16959274439e-08
10.1955877939 2.45449805828e-08
10.2055922961 -2.16433558603e-08
10.2155967984 2.45177734278e-08
10.2256013007 -2.15898600274e-08
10.2356058029 2.44927207018e-08
10.2456103052 -2.15354369459e-08
10.2556148074 2.44698298113e-08
10.2656193097 -2.14800585564e-08
10.2756238119 2.44491101325e-08
10.2856283142 -2.14237196016e-08
10.2956328164 2.44305710956e-08
10.3056373187 -2.1366397273e-08
10.3156418209 2.44142281597e-08
10.3256463232 -2.13080763675e-08
10.3356508254 2.44000849757e-08
10.3456553277 -2.12487352583e-08
10.3556598299 2.4388167236e-08
10.3656643322 -2.1188355363e-08
10.3756688344 2.43784903799e-08
10.3856733367 -2.11269065772e-08
10.3956778389 2.43710697819e-08
10.4056823412 -2.1064365539e-08
10.4156868434 2.43659300966e-08
10.4256913457 -2.10007081379e-08
10.4356958479 2.43630951449e-08
10.4457003502 -2.0935900907e-08
10.4557048524 2.43625838724e-08
10.4657093547 -2.08699140905e-08
10.4757138569 2.43644308491e-08
10.4857183592 -2.08027170825e-08
10.4957228614 2.43686596717e-08
10.5057273637 -2.07342724076e-08
10.5157318659 2.43753002589e-08
10.5257363682 -2.06645483418e-08
10.5357408704 2.43843904476e-08
10.5457453727 -2.0593501227e-08
10.5557498749 2.43959579041e-08
10.5657543772 -2.05210955672e-08
10.5757588794 2.44100457892e-08
10.5857633817 -2.04472853769e-08
10.5957678839 2.44266868537e-08
10.6057723862 -2.03720300789e-08
10.6157768884 2.44459250388e-08
10.6257813907 -2.02952802514e-08
10.6357858929 2.44678049716e-08
10.6457903952 -2.02169940115e-08
10.6557948974 2.4492367702e-08
10.6657993997 -2.01371137755e-08
10.675803902 2.45196629498e-08
10.6858084042 -2.00555899776e-08
10.6958129065 2.45497382141e-08
10.7058174087 -1.99723686296e-08
10.715821911 2.45826525123e-08
10.7258264132 -1.98873935132e-08
10.7358309155 2.46184508934e-08
10.7458354177 -1.98006038638e-08
10.75583992 2.46571942462e-08
10.7658444222 -1.97119390122e-08
10.7758489245 2.46989430137e-08
10.7858534267 -1.962133495e-08
10.795857929 2.474375622e-08
10.8058624312 -1.95287258025e-08
10.8158669335 2.47917023374e-08
10.8258714357 -1.94340387495e-08
10.835875938 2.4842845722e-08
10.8458804402 -1.93372070827e-08
10.8558849425 2.48972572012e-08
10.8658894447 -1.92381563047e-08
10.875893947 2.49550068595e-08
10.8858984492 -1.91368084005e-08
10.8959029515 2.50161753597e-08
10.9059074537 -1.90330785963e-08
10.915911956 2.508083447e-08
10.9259164582 -1.89268954345e-08
10.9359209605 2.51490726064e-08
10.9459254627 -1.88181622811e-08
10.955929965 2.52209723601e-08
10.9659344672 -1.87067922781e-08
10.9759389695 2.52966212183e-08
10.9859434717 -1.85927006155e-08
10.995947974 2.53761099872e-08
11.0059524762 -1.84757801489e-08
11.0159569785 2.54595351803e-08
11.0259614807 -1.83559425835e-08
11.035965983 2.55469920851e-08
11.0459704852 -1.82330821179e-08
11.0559749875 2.56385845313e-08
11.0659794897 -1.8107094239e-08
11.075983992 2.57344160026e-08
11.0859884942 -1.79778685298e-08
11.0959929965 2.58346004688e-08
11.1059974987 -1.78452918992e-08
11.116002001 2.59392446134e-08
11.1260065033 -1.77092489223e-08
11.1360110055 2.60484701626e-08
11.1460155078 -1.75696163384e-08
11.15602001 2.61623965293e-08
11.1660245123 -1.74262733774e-08
11.1760290145 2.62811489414e-08
11.1860335168 -1.72790861132e-08
11.196038019 2.64048604974e-08
11.2060425213 -1.71279242194e-08
11.2160470235 2.65336608654e-08
11.2260515258 -1.69726511014e-08
11.236056028 2.66676925824e-08
11.2460605303 -1.68131191387e-08
11.2560650325 2.68070967342e-08
11.2660695348 -1.66491859537e-08
11.276074037 2.69520275259e-08
11.2860785393 -1.6480694532e-08
11.2960830415 2.71026329799e-08
11.3060875438 -1.63074943461e-08
11.316092046 2.7259072095e-08
11.3260965483 -1.61294162824e-08
11.3361010505 2.74215159208e-08
11.3461055528 -1.59462966323e-08
11.356110055 2.75901279832e-08
11.3661145573 -1.57579572232e-08
11.3761190595 2.77650871599e-08
11.3861235618 -1.55642262261e-08
11.396128064 2.79465734917e-08
11.4061325663 -1.53649120888e-08
11.4161370685 2.81347774547e-08
11.4261415708 -1.5159826251e-08
11.436146073 2.83298892159e-08
11.4461505753 -1.49487717509e-08
11.4561550775 2.8532115398e-08
11.4661595798 -1.47315398822e-08
11.476164082 2.87416563318e-08
11.4861685843 -1.45079261972e-08
11.4961730865 2.89587315506e-08
11.5061775888 -1.42777155073e-08
11.516182091 2.91835556845e-08
11.5261865933 -1.40406771373e-08
11.5361910955 2.94163644892e-08
11.5461955978 -1.37965753483e-08
11.5562001001 2.96573936503e-08
11.5662046023 -1.35451793811e-08
11.5762091046 2.99068822278e-08
11.5862136068 -1.32862375644e-08
11.5962181091 3.0165086132e-08
11.6062226113 -1.30194948356e-08
11.6162271136 3.04322657114e-08
11.6262316158 -1.27446866091e-08
11.6362361181 3.07086866347e-08
11.6462406203 -1.24615426544e-08
11.6562451226 3.09946300248e-08
11.6662496248 -1.21697800496e-08
11.6762541271 3.12903799689e-08
11.6862586293 -1.18691088878e-08
11.6962631316 3.1596235894e-08
11.7062676338 -1.1559228987e-08
11.7162721361 3.19124991508e-08
11.7262766383 -1.12398305569e-08
11.7362811406 3.22394922492e-08
11.7462856428 -1.09105947032e-08
11.7562901451 3.25775339396e-08
11.7662946473 -1.05711915173e-08
11.7762991496 3.29269668002e-08
11.7863036518 -1.02212787149e-08
11.7963081541 3.32881352206e-08
11.8063126563 -9.86050506748e-09
11.8163171586 3.36614023247e-08
11.8263216608 -9.48850790989e-09
11.8363261631 3.40471329801e-08
11.8463306653 -9.10491080245e-09
11.8563351676 3.44457177951e-08
11.8663396698 -8.70932777685e-09
11.8763441721 3.4857547616e-08
11.8863486743 -8.30135788591e-09
11.8963531766 3.52830302632e-08
11.9063576788 -7.88058998697e-09
11.9163621811 3.57225920473e-08
11.9263666833 -7.44659480987e-09
11.9363711856 3.61766631354e-08
11.9463756878 -6.99893385123e-09
11.9563801901 3.66456973524e-08
11.9663846923 -6.537153614e-09
11.9763891946 3.71301563441e-08
11.9863936968 -6.06078430993e-09
11.9963981991 3.76305201257e-08
12.0064027014 -5.56933993097e-09
12.0164072036 3.81472838426e-08
12.0264117059 -5.06232525846e-09
12.0364162081 3.86809586491e-08
12.0464207104 -4.53921665068e-09
12.0564252126 3.92320715873e-08
12.0664297149 -3.99948806763e-09
12.0764342171 3.98011678936e-08
12.0864387194 -3.44258527816e-09
12.0964432216 4.03888101893e-08
12.1064477239 -2.86794056208e-09
12.1164522261 4.09955789231e-08
12.1264567284 -2.27496452299e-09
12.1364612306 4.16220745065e-08
12.1464657329 -1.66305666865e-09
12.1564702351 4.22689143652e-08
12.1664747374 -1.03159255325e-09
12.1764792396 4.29367347224e-08
12.1864837419 -3.79921628543e-10
12.1964882441 4.36262013928e-08
12.2064927464 2.92619008482e-10
12.2164972486 4.43379902441e-08
12.2265017509 9.86719821097e-10
12.2365062531 4.50728091857e-08
12.2465107554 1.70309042346e-09
12.2565152576 4.58313811472e-08
12.2665197599 2.44246463628e-09
12.2765242621 4.66144561567e-08
12.2865287644 3.20559819769e-09
12.2965332666 4.74228074838e-08
12.3065377689 3.99327423156e-09
12.3165422711 4.82572367648e-08
12.3265467734 4.80630137783e-09
12.3365512756 4.91185661997e-08
12.3465557779 5.64551005866e-09
12.3565602801 5.00076503686e-08
12.3665647824 6.51176425982e-09
12.3765692846 5.09253625325e-08
12.3865737869 7.40595015327e-09
12.3965782891 5.18726179046e-08
12.4065827914 8.32898401288e-09
12.4165872936 5.28503479375e-08
12.4265917959 9.2818158039e-09
12.4365962981 5.38595233861e-08
12.4466008004 1.02654213784e-08
12.4566053027 5.49011441547e-08
12.4666098049 1.12808108583e-08
12.4766143072 5.59762365941e-08
12.4866188094 1.23290247104e-08
12.4966233117 5.70858678703e-08
12.5066278139 1.3411142645e-08
12.5166323162 5.82311399054e-08
12.5266368184 1.45282718228e-08
12.5366413207 5.94131850654e-08
12.5466458229 1.56815630067e-08
12.5566503252 6.06331756392e-08
12.5666548274 1.68721981319e-08
12.5766593297 6.18923199325e-08
12.5866638319 1.81014017022e-08
12.5966683342 6.31918702573e-08
12.6066728364 1.93704347719e-08
12.6166773387 6.4533112594e-08
12.6266818409 2.06806026716e-08
12.6366863432 6.59173795716e-08
12.6466908454 2.20332501129e-08
12.6566953477 6.73460457377e-08
12.6666998499 2.34297650705e-08
12.6767043522 6.88205288037e-08
12.6867088544 2.4871587119e-08
12.6967133567 7.03422985346e-08
12.7067178589 2.63601953394e-08
12.7167223612 7.19128626215e-08
12.7267268634 2.78971206157e-08
12.7367313657 7.35337887231e-08
12.7467358679 2.94839417385e-08
12.7567403702 7.52066803393e-08
12.7667448724 3.11222837247e-08
12.7767493747 7.69332085116e-08
12.7867538769 3.28138415686e-08
12.7967583792 7.87150883256e-08
12.8067628814 3.4560342024e-08
12.8167673837 8.05540984343e-08
12.8267718859 3.63635883538e-08
12.8367763882 8.24520683795e-08
12.8467808904 3.82254297433e-08
12.8567853927 8.44108908932e-08
12.8667898949 4.01477841256e-08
12.8767943972 8.64325173528e-08
12.8867988994 4.21326237962e-08
12.8968034017 8.85189709526e-08
12.906807904 4.41819899125e-08
12.9168124062 9.06723251091e-08
12.9268169085 4.62979906973e-08
12.9368214107 9.28947324123e-08
12.946825913 4.84827991131e-08
12.9568304152 9.51884155579e-08
12.9668349175 5.07386605112e-08
12.9768394197 9.75556602768e-08
12.986843922 5.30678995395e-08
12.9968484242 9.9998840366e-08
13.0068529265 5.54729067104e-08
13.0168574287 1.02520393559e-07
13.026861931 5.79561488972e-08
13.0368664332 1.05122843048e-07
13.0468709355 6.05201938721e-08
13.0568754377 1.07808796794e-07
13.06687994 6.31676634381e-08
13.0768844422 1.10580937737e-07
13.0868889445 6.5901288567e-08
13.0968934467 1.13442046945e-07
13.106897949 6.8723874298e-08
13.1169024512 1.16394991805e-07
13.1269069535 7.16383274743e-08
13.1369114557 1.194427296e-07
13.146915958 7.46476426579e-08
13.1569204602 1.22588319566e-07
13.1669249625 7.77549154846e-08
13.1769294647 1.25834916062e-07
13.186933967 8.09633400057e-08
13.1969384692 1.29185777419e-07
13.2069429715 8.42762171366e-08
13.2169474737 1.32644269711e-07
13.226951976 8.76969537413e-08
13.2369564782 1.36213868897e-07
13.2469609805 9.12290673418e-08
13.2569654827 1.39898154381e-07
13.266969985 9.48761920843e-08
13.2769744872 1.43700842249e-07
13.2869789895 9.86420765159e-08
13.2969834917 1.47625746586e-07
13.306987994 1.02530597974e-07
13.3169924962 1.51676824279e-07
13.3269969985 1.06545756535e-07
13.3370015008 1.55858147089e-07
13.347006003 1.10691677426e-07
13.3570105053 1.60173928346e-07
13.3670150075 1.14972629627e-07
13.3770195098 1.64628518745e-07
13.387024012 1.19393022366e-07
13.3970285143 1.69226406889e-07
13.4070330165 1.23957399528e-07
13.4170375188 1.73972228833e-07
13.427042021 1.28670456193e-07
13.4370465233 1.78870771073e-07
13.4470510255 1.33537046369e-07
13.4570555278 1.83926975329e-07
13.46706003 1.38562174309e-07
13.4770645323 1.89145949251e-07
13.4870690345 1.43751016352e-07
13.4970735368 1.94532962619e-07
13.507078039 1.49108910725e-07
13.5170825413 2.00093459132e-07
13.5270870435 1.54641375853e-07
13.5370915458 2.0583305853e-07
13.547096048 1.60354103677e-07
13.5571005503 2.11757565457e-07
13.5671050525 1.66252979517e-07
13.5771095548 2.17872971796e-07
13.587114057 1.7234407446e-07
13.5971185593 2.2418547088e-07
13.6071230615 1.78633663312e-07
13.6171275638 2.30701449138e-07
13.627132066 1.85128224533e-07
13.6371365683 2.37427510834e-07
13.6471410705 1.91834444988e-07
13.6571455728 2.44370467778e-07
13.667150075 1.98759234727e-07
13.6771545773 2.51537359884e-07
13.6871590795 2.05909725509e-07
13.6971635818 2.58935453994e-07
13.707168084 2.13293288461e-07
13.7171725863 2.66572260668e-07
13.7271770885 2.20917529733e-07
13.7371815908 2.74455523323e-07
13.747186093 2.28790309767e-07
13.7571905953 2.82593252101e-07
13.7671950975 2.36919740915e-07
13.7771995998 2.90993711196e-07
13.7872041021 2.45314204063e-07
13.7972086043 2.99665435554e-07
13.8072131066 2.53982351439e-07
13.8172176088 3.08617241627e-07
13.8272221111 2.62933128327e-07
13.8372266133 3.17858234825e-07
13.8472311156 2.72175758065e-07
13.8572356178 3.27397816934e-07
13.8672401201 2.8171978056e-07
13.8772446223 3.37245694831e-07
13.8872491246 2.91575036832e-07
13.8972536268 3.47411900626e-07
13.9072581291 3.01751698204e-07
13.9172626313 3.57906785079e-07
13.9272671336 3.12260260359e-07
13.9372716358 3.68741040137e-07
13.9472761381 3.23111575246e-07
13.9572806403 3.79925721979e-07
13.9672851426 3.34316845272e-07
13.9772896448 3.91472230408e-07
13.9872941471 3.45887634497e-07
13.9972986493 4.0339234814e-07
14.0073031516 3.57835897837e-07
14.0173076538 4.1569824191e-07
14.0273121561 3.70173969924e-07
14.0373166583 4.28402476941e-07
14.0473211606 3.82914599828e-07
14.0573256628 4.41518031168e-07
14.0673301651 3.96070946314e-07
14.0773346673 4.55058306942e-07
14.0873391696 4.09656608313e-07
14.0973436718 4.69037147051e-07
14.1073481741 4.23685626007e-07
14.1173526763 4.83468851504e-07
14.1273571786 4.38172506072e-07
14.1373616808 4.98368181945e-07
14.1473661831 4.53132224238e-07
14.1573706853 5.13750395694e-07
14.1673751876 4.68580254611e-07
14.1773796898 5.29631235733e-07
14.1873841921 4.84532576444e-07
14.1973886943 5.46026982096e-07
14.2073931966 5.01005692521e-07
14.2173976988 5.62954426798e-07
14.2274022011 5.18016654953e-07
14.2374067034 5.80430931322e-07
14.2474112056 5.3558306984e-07
14.2574157079 5.98474420378e-07
14.2674202101 5.53723124382e-07
14.2774247124 6.17103408206e-07
14.2874292146 5.72455605002e-07
14.2974337169 6.36337018657e-07
14.3074382191 5.9179991636e-07
14.3174427214 6.56195001732e-07
14.3274472236 6.11776097835e-07
14.3374517259 6.76697762679e-07
14.3474562281 6.3240485591e-07
14.3574607304 6.97866373593e-07
14.3674652326 6.53707570117e-07
14.3774697349 7.19722598185e-07
14.3874742371 6.75706333842e-07
14.3974787394 7.42288924013e-07
14.4074832416 6.98423957526e-07
14.4174877439 7.65588571409e-07
14.4274922461 7.21884010728e-07
14.4374967484 7.89645527062e-07
14.4475012506 7.46110836853e-07
14.4575057529 8.14484573735e-07
14.4675102551 7.71129585503e-07
14.4775147574 8.40131300396e-07
14.4875192596 7.96966229309e-07
14.4975237619 8.66612152749e-07
14.5075282641 8.23647601348e-07
14.5175327664 8.93954431664e-07
14.5275372686 8.51201420801e-07
14.5375417709 9.22186353573e-07
14.5475462731 8.79656319246e-07
14.5575507754 9.51337057232e-07
14.5675552776 9.09041878885e-07
14.5775597799 9.81436646168e-07
14.5875642821 9.3938864357e-07
14.5975687844 1.01251621298e-06
14.6075732866 9.70728183465e-07
14.6175777889 1.04460788121e-06
14.6275822911 1.00309310256e-06
14.6375867934 1.07774483415e-06
14.6475912956 1.03651708811e-06
14.6575957979 1.1119613522e-06
14.6676003002 1.0710349319e-06
14.6776048024 1.14729284381e-06
14.6876093047 1.10668258162e-06
14.6976138069 1.18377589446e-06
14.7076183092 1.14349717731e-06
14.7176228114 1.22144829075e-06
14.7276273137 1.18151707847e-06
14.7376318159 1.26034907909e-06
14.7476363182 1.22078192135e-06
14.7576408204 1.30051858803e-06
14.7676453227 1.26133265325e-06
14.7776498249 1.34199848434e-06
14.7876543272 1.30321157357e-06
14.7976588294 1.38483181953e-06
14.8076633317 1.34646238606e-06
14.8176678339 1.42906306042e-06
14.8276723362 1.39113024227e-06
14.8376768384 1.47473815198e-06
14.8476813407 1.43726178541e-06
14.8576858429 1.52190456162e-06
14.8676903452 1.48490521656e-06
14.8776948474 1.57061133115e-06
14.8876993497 1.53411032222e-06
14.8977038519 1.62090912607e-06
14.9077083542 1.58492854727e-06
14.9177128564 1.67285029064e-06
14.9277173587 1.63741304284e-06
14.9377218609 1.72648891096e-06
14.9477263632 1.69161872597e-06
14.9577308654 1.78188086508e-06
14.9677353677 1.74760233336e-06
14.9777398699 1.83908388087e-06
14.9877443722 1.80542249064e-06
14.9977488744 1.89815761664e-06
15.0077533767 1.8651397695e-06
15.0177578789 1.95916370174e-06
15.0277623812 1.92681675511e-06
15.0377668834 2.02216581652e-06
15.0477713857 1.99051811771e-06
15.0577758879 2.08722975885e-06
15.0677803902 2.05631066883e-06
15.0777848924 2.15442351904e-06
15.0877893947 2.12426345825e-06
15.0977938969 2.22381734076e-06
15.1077983992 2.19444782227e-06
15.1178029015 2.2954838187e-06
15.1278074037 2.26693747931e-06
15.137811906 2.36949795092e-06
15.1478164082 2.34180860411e-06
15.1578209105 2.44593725273e-06
15.1678254127 2.41913991105e-06
15.177829915 2.52488179597e-06
15.1878344172 2.49901272475e-06
15.1978389195 2.60641434067e-06
15.2078434217 2.58151110346e-06
15.217847924 2.69062040511e-06
15.2278524262 2.66672189992e-06
15.2378569285 2.77758836014e-06
15.2478614307 2.75473487182e-06
15.257865933 2.86740952761e-06
15.2678704352 2.84564276499e-06
15.2778749375 2.96017827416e-06
15.2878794397 2.93954143902e-06
15.297883942 3.05599212511e-06
15.3078884442 3.0365299421e-06
15.3178929465 3.15495186402e-06
15.3278974487 3.13671064968e-06
15.337901951 3.25716164289e-06
15.3479064532 3.24018934995e-06
15.3579109555 3.36272909869e-06
15.3679154577 3.34707538178e-06
15.37791996 3.47176547534e-06
15.3879244622 3.45748173732e-06
15.3979289645 3.58438573518e-06
15.4079334667 3.57152520307e-06
15.417937969 3.70070869875e-06
15.4279424712 3.68932647766e-06
15.4379469735 3.82085716621e-06
15.4479514757 3.81101030143e-06
15.457955978 3.94495805755e-06
15.4679604802 3.93670560894e-06
15.4779649825 4.0731425478e-06
15.4879694847 4.06654565978e-06
15.497973987 4.20554622364e-06
15.5079784892 4.2006681884e-06
15.5179829915 4.34230921535e-06
15.5279874937 4.33921555766e-06
15.537991996 4.48357636905e-06
15.5479964982 4.48233492181e-06
15.5580010005 4.62949740365e-06
15.5680055028 4.63017837866e-06
15.578010005 4.78022706651e-06
15.5880145073 4.78290315021e-06
15.5980190095 4.93592532284e-06
15.6080235118 4.94067175017e-06
15.618028014 5.09675751422e-06
15.6280325163 5.10365217464e-06
15.6380370185 5.2628945685e-06
15.6480415208 5.27201807371e-06
15.658046023 5.43451316432e-06
15.6680505253 5.44594896765e-06
15.6780550275 5.61179594861e-06
15.6880595298 5.62563042318e-06
15.698064032 5.79493172884e-06
15.7080685343 5.8112542832e-06
15.7180730365 5.9841156928e-06
15.7280775388 6.00301887543e-06
15.738082041 6.17954962603e-06
15.7480865433 6.20112922947e-06
15.7580910455 6.38144213639e-06
15.7680955478 6.40579730865e-06
15.77810005 6.59000889227e-06
15.7881045523 6.61724226485e-06
15.7981090545 6.8054728647e-06
15.8081135568 6.83569066642e-06
15.818118059 7.02806458276e-06
15.8281225613 7.06137676496e-06
15.8381270635 7.2580223905e-06
15.8481315658 7.29454275897e-06
15.858136068 7.49559271083e-06
15.8681405703 7.53543906852e-06
15.8781450725 7.74103034997e-06
15.8881495748 7.78432462192e-06
15.898154077 7.99459876163e-06
15.9081585793 8.04146715046e-06
15.9181630815 8.25657035725e-06
15.9281675838 8.30714349187e-06
15.938172086 8.52722681905e-06
15.9481765883 8.58163991201e-06
15.9581810905 8.80685942402e-06
15.9681855928 8.86525242299e-06
15.978190095 9.09576936647e-06
15.9881945973 9.1582871365e-06
15.9981990995 9.39426812516e-06
16.0082036018 9.46106060874e-06
16.0182081041 9.7026777963e-06
16.0282126063 9.77390019566e-06
16.0382171086 1.00213314872e-05
16.0482216108 1.00971444568e-05
16.0582261131 1.03505736847e-05
16.0682306153 1.04311435208e-05
16.0782351176 1.06907606668e-05
16.0882396198 1.07762594987e-05
16.0982441221 1.10422609056e-05
16.1082486243 1.11328669135e-05
16.1182531266 1.14054555092e-05
16.1282576288 1.15013531304e-05
16.1382621311 1.17807386388e-05
16.1482666333 1.18821188014e-05
16.1582711356 1.21685180057e-05
16.1682756378 1.22755783474e-05
16.1782801401 1.25692153179e-05
16.1882846423 1.26821604295e-05
16.1982891446 1.29832667926e-05
16.2082936468 1.31023084607e-05
16.2182981491 1.34111236527e-05
16.2283026513 1.35364811325e-05
16.2383071536 1.38532526787e-05
16.2483116558 1.39851529402e-05
16.2583161581 1.43101367392e-05
16.2683206603 1.44488147573e-05
16.2783251626 1.47822753779e-05
16.2883296648 1.49279744104e-05
16.2983341671 1.52701853952e-05
16.3083386693 1.54231572861e-05
16.3183431716 1.57744014698e-05
16.3283476738 1.59349069546e-05
16.3383521761 1.62954767885e-05
16.3483566783 1.64637858117e-05
16.3583611806 1.68339837141e-05
16.3683656828 1.70103757683e-05
16.3783701851 1.73905144755e-05
16.3883746873 1.75752789418e-05
16.3983791896 1.79656818701e-05
16.4083836918 1.81591183631e-05
16.4183881941 1.85601199926e-05
16.4283926963 1.87625387576e-05
16.4383971986 1.91744850303e-05
16.4484017009 1.93862072989e-05
16.4584062031 1.98094560267e-05
16.4684107054 2.00308144359e-05
16.4784152076 2.04657357221e-05
16.4884197099 2.06970747158e-05
16.4984242121 2.11440514077e-05
16.5084287144 2.13857276804e-05
16.5184332166 2.18451558165e-05
16.5284377189 2.20975387475e-05
16.5384422211 2.25698280404e-05
16.5484467234 2.28333001597e-05
16.5584512256 2.33188744883e-05
16.5684557279 2.35938319621e-05
16.5784602301 2.4093129883e-05
16.5884647324 2.43799830095e-05
16.5984692346 2.48934582934e-05
16.6084737369 2.51926320239e-05
16.6184782391 2.57207542025e-05
16.6284827414 2.60326886813e-05
16.6384872436 2.65759436306e-05
16.6484917459 2.69010947516e-05
16.6584962481 2.74599852811e-05
16.6685007504 2.77988252685e-05
16.6785052526 2.83738717473e-05
16.6885097549 2.87268897688e-05
16.6985142571 2.93186307639e-05
16.7085187594 2.96863335472e-05
16.7185232616 3.0295326497e-05
16.7285277639 3.06782389942e-05
16.7385322661 3.13050609019e-05
16.7485367684 3.17037269579e-05
16.7585412706 3.23489751178e-05
16.7685457729 3.27639581801e-05
16.7785502751 3.34282509251e-05
16.7885547774 3.38601347795e-05
16.7985592796 3.45441122634e-05
16.8085637819 3.49935017899e-05
16.8185682841 3.56978268058e-05
16.8285727864 3.616534878e-05
16.8385772886 3.68907075921e-05
16.8485817909 3.73770115027e-05
16.8585862931 3.81241147407e-05
16.8685907954 3.86298736485e-05
16.8785952976 3.93994572096e-05
16.8885997999 3.99253686467e-05
16.8986043022 4.07181946502e-05
16.9086088044 4.12649815382e-05
16.9186133067 4.20818393196e-05
16.9286178089 4.26502509456e-05
16.9386223112 4.34919580821e-05
16.9486268134 4.40827710954e-05
16.9586313157 4.4950174471e-05
16.9686358179 4.55641939411e-05
16.9786403202 4.64581708842e-05
16.9886448224 4.70962313859e-05
16.9986493247 4.80176907999e-05
17.0086538269 4.86806575329e-05
17.0186583292 4.96305411355e-05
17.0286628314 5.03193111428e-05
17.0386673337 5.12985947054e-05
17.0486718359 5.2014098072e-05
17.0586763382 5.30237927466e-05
17.0686808404 5.37669938996e-05
17.0786853427 5.48081475755e-05
17.0886898449 5.55800466129e-05
17.0986943472 5.66537453511e-05
17.1086988494 5.74553794425e-05
17.1187033517 5.85627489553e-05
17.1287078539 5.93951937894e-05
17.1387123562 6.05374009916e-05
17.1487168584 6.1401772298e-05
17.1587213607 6.25800269253e-05
17.1687258629 6.34774820413e-05
17.1787303652 6.46930383282e-05
17.1887348674 6.56247778705e-05
17.1987393697 6.68789363106e-05
17.2087438719 6.78462058621e-05
17.2187483742 6.91403150466e-05
17.2287528764 7.01444069789e-05
17.2387573787 7.14798655037e-05
17.2487618809 7.25221208339e-05
17.2587663832 7.39003792965e-05
17.2687708854 7.49821896512e-05
17.2787753877 7.6404752742e-05
17.2887798899 7.75275623907e-05
17.2987843922 7.89959910677e-05
17.3087888944 8.0161299059e-05
17.3187933967 8.16772128228e-05
17.3287978989 8.28865752077e-05
17.3388024012 8.44516544784e-05
17.3488069035 8.57066866462e-05
17.3588114057 8.73226752466e-05
17.368815908 8.86250543517e-05
17.3788204102 9.02937621111e-05
17.3888249125 9.16452296114e-05
17.3988294147 9.33685350724e-05
17.408833917 9.47708994018e-05
17.4188384192 9.65507526675e-05
17.4288429215 9.80058920049e-05
17.4388474237 9.98443177058e-05
17.448851926 0.000101354182895
17.4588564282 0.000103253283301
17.4688609305 0.000104819900895
17.4788654327 0.000106781859171
17.488869935 0.00010840733462
17.4988744372 0.000110434418238
17.5088789395 0.000112120939231
17.5188834417 0.000114215503537
17.528887944 0.0001159653435
17.5388924462 0.000118129835455
17.5488969485 0.000119945357222
17.5589014507 0.000122182319321
17.568905953 0.000124065978977
17.5789104552 0.000126378053384
17.5889149575 0.000128332404286
17.5989194597 0.000130722337089
17.608923962 0.000132750034093
17.6189284642 0.000135220679897
17.6289329665 0.000137324483823
17.6389374687 0.000139878810452
17.648941971 0.000142061592699
17.6589464732 0.000144702686202
17.6689509755 0.00014696743366
17.6789554777 0.000149698503531
17.68895998 0.000152048323712
17.6989644822 0.000154872708404
17.7089689845 0.00015731083483
17.7189734867 0.000160232007523
17.728977989 0.000162761805414
17.7389824912 0.000165783380114
17.7489869935 0.000168408352326
17.7589914957 0.000171534090235
17.768995998 0.000174257883561
17.7790005003 0.000177491699824
17.7890050025 0.000180318111581
17.7990095048 0.000183664082359
17.809014007 0.000186597067347
17.8190185093 0.000190059437292
17.8290230115 0.000193103115112
17.8390275138 0.000196686305209
17.849032016 0.000199844967994
17.8590365183 0.00020355358386
17.8690410205 0.000206831704387
17.8790455228 0.000210670545019
17.889050025 0.000214072785312
17.8990545273 0.000218046852288
17.9090590295 0.00022157807267
17.9190635318 0.000225692579897
17.929068034 0.000229357848545
17.9390725363 0.000233618232539
17.9490770385 0.000237422835588
17.9590815408 0.000241834766337
17.969086043 0.000245784218552
17.9790905453 0.000250353611002
17.9890950475 0.000254453667063
17.9990995498 0.000259186693265
18.009104052 0.000263443359712
18.0191085543 0.000268346461685
18.0291130565 0.000272766009552
18.0391175588 0.000277845912902
18.049122061 0.000282434891105
18.0591265633 0.000287698619444
18.0691310655 0.000292463868965
18.0791355678 0.000297918759218
18.08914007 0.000302867428152
18.0991445723 0.000308521146771
18.1091490745 0.000313660706275
18.1191535768 0.000319521266479
18.129158079 0.000324859527731
18.1391625813 0.000330935307782
18.1491670835 0.000336480439966
18.1591715858 0.00034278020263
18.169176088 0.000348540752079
18.1791805903 0.00035507366529
18.1891850925 0.000361058575823
18.1991895948 0.000367834234687
18.209194097 0.000374052869301
18.2191985993 0.000381081319562
18.2292031016 0.000387543483491
18.2392076038 0.000394835246467
18.2492121061 0.000401551211784
18.2592166083 0.000409117311034
18.2692211106 0.000416097842904
18.2792256128 0.000423949832658
18.2892301151 0.000431206217344
18.2992346173 0.000439356212868
18.3092391196 0.000446900287681
18.3192436218 0.000455360997766
18.3292481241 0.000463205183072
18.3392526263 0.000471989944749
18.3492571286 0.000480147278231
18.3592616308 0.000489270093997
18.3692661331 0.000497754267351
18.3792706353 0.000507229845033
18.3892751376 0.000516055243317
18.3992796398 0.000525899038844
18.4092841421 0.000535080782697
18.4192886443 0.000545309046041
18.4292931466 0.000554863037043
18.4392976488 0.000565492861576
18.4493021511 0.000575435831001
18.4593066533 0.000586485206616
18.4693111556 0.000596834767918
18.4793156578 0.000608322638226
18.4893201601 0.000619097343585
18.4993246623 0.000631043667588
18.5093291646 0.000642263068895
18.5193336668 0.000654688887549
18.5293381691 0.000666373602255
18.5393426713 0.000679301110397
18.5493471736 0.000691472892713
18.5593516758 0.000704925516864
18.5693561781 0.000717607334802
18.5793606803 0.000731609817449
18.5893651826 0.000744825936314
18.5993696848 0.0007594044273
18.6093741871 0.000773180500293
18.6193786893 0.000788362656054
18.6293831916 0.000802725822698
18.6393876938 0.000818540914177
18.6493921961 0.000833519907396
18.6593966983 0.000849998937527
18.6694012006 0.000865624200314
18.6794057029 0.000882800032131
18.6894102051 0.000899103844826
18.6994147074 0.000917011341324
18.7094192096 0.000934027960697
18.7194237119 0.000952704137814
18.7294282141 0.000970469949227
18.7394327164 0.000989954143357
18.7494372186 0.00100850782761
18.7594417209 0.0010288418794
18.7694462231 0.0010482245958
18.7794507254 0.00106945305207
18.7894552276 0.00108970863981
18.7994597299 0.0011118789758
18.8094642321 0.00113305417573
18.8194687344 0.00115621704004
18.8294732366 0.00117836173935
18.8394777389 0.00120257122458
18.8494822411 0.00122573872722
18.8594867434 0.00125105266924
18.8694912456 0.0012752999954
18.8794957479 0.00130178030508
18.8895002501 0.00132716852332
18.8995047524 0.00135488155486
18.9095092546 0.00138147615121
18.9195137569 0.0014104931118
18.9295182591 0.00143836440072
18.9395227614 0.00146876180711
18.9495272636 0.0014979853898
18.9595317659 0.00152984557805
18.9695362681 0.00156050285464
18.9795407704 0.00159391455032
18.9895452726 0.00162609329335
18.9995497749 0.00166115225057
19.0095542771 0.00169494724816
19.0195587794 0.00173175696716
19.0295632816 0.00176727074591
19.0395677839 0.00180594328031
19.0495722861 0.00184328691913
19.0595767884 0.00188394378584
19.0695812906 0.00192323783403
19.0795857929 0.00196601104074
19.0895902951 0.0020073865554
19.0995947974 0.00205241976316
19.1095992996 0.00209601948378
19.1196038019 0.00214346932467
19.1296083042 0.0021894490053
19.1396128064 0.00223948657888
19.1496173087 0.00228801650177
19.1596218109 0.00234082907761
19.1696263132 0.00239209577607
19.1796308154 0.0024478887342
19.1896353177 0.00250209695708
19.1996398199 0.00256109600386
19.2096443222 0.0026184709594
19.2196488244 0.00268092466244
19.2296533267 0.00274171458564
19.2396578289 0.00280789727923
19.2496623312 0.00287237637489
19.2596668334 0.00294259149647
19.2696713357 0.00301106331873
19.2796758379 0.00308564724816
19.2896803402 0.00315844858909
19.2996848424 0.0032377750761
19.3096893447 0.00331528044938
19.3196938469 0.00339976573141
19.3296983492 0.00348239255447
19.3397028514 0.00357250128873
19.3497073537 0.00366071588863
19.3597118559 0.00375696804978
19.3697163582 0.00385129264685
19.3797208604 0.00395427157804
19.3897253627 0.00405529243988
19.3997298649 0.00416565429472
19.4097343672 0.00427403130591
19.4197388694 0.00439251618731
19.4297433717 0.00450899415578
19.4397478739 0.00463643935653
19.4497523762 0.0047618614872
19.4597568784 0.00489921738114
19.4697613807 0.005034541511
19.4797658829 0.00518289085978
19.4897703852 0.00532920929908
19.4997748874 0.00548979107032
19.5097793897 0.00564835528194
19.5197838919 0.00582259458777
19.5297883942 0.0059948465475
19.5397928964 0.00618439311987
19.5497973987 0.00637200617112
19.559801901 0.00657878507375
19.5698064032 0.00678371864606
19.5798109055 0.00700999897781
19.5898154077 0.00723457404898
19.59981991 0.00748306470435
19.6098244122 0.00773007095113
19.6198289145 0.00800405786102
19.6298334167 0.00827691005008
19.639837919 0.00858045802416
19.6498424212 0.00888342995305
19.6598469235 0.00922168640347
19.6698514257 0.0095602682486
19.679855928 0.00993992916446
19.6898604302 0.0103213827401
19.6998649325 0.0107514189953
19.7098694347 0.0111856522246
19.719873937 0.0116784559758
19.7298784392 0.0121794143394
19.7398829415 0.0127526262446
19.7498874437 0.0133405238963
19.759891946 0.0140199673807
19.7698964482 0.0147248846201
19.7799009505 0.015549305038
19.7899054527 0.0164170116015
19.799909955 0.0174457647184
19.8099144572 0.0185471701415
19.8199189595 0.0198727406364
19.8299234617 0.0213192518406
19.839927964 0.0230877022004
19.8499324662 0.0250561841112
19.8599369685 0.0275006730791
19.8699414707 0.0302739533964
19.879945973 0.0337699361553
19.8899504752 0.037802221425
19.8999549775 0.0429591229568
19.9099594797 0.0489803068791
19.919963982 0.0567967163379
19.9299684842 0.0659722649261
19.9399729865 0.0781136801018
19.9499774887 0.0922490273243
19.959981991 0.111658743259
19.9699864932 0.133021204575
19.9799909955 0.167252086714
19.9899954977 0.165231123811
20.0 0.136425591183
