0.001 3796.43235694
0.0110045022511 335.467898445
0.0210090045023 155.308954663
0.0310135067534 85.83008844
0.0410180090045 53.8506028267
0.0510225112556 36.2263067161
0.0610270135068 25.5486535344
0.0710315157579 18.7434788419
0.081036018009 14.1370592674
0.0910405202601 10.968264924
0.101045022511 8.67789885335
0.111049524762 7.02053249059
0.121054027014 5.76435043453
0.131058529265 4.819469067
0.141063031516 4.07521371984
0.151067533767 3.49715514304
0.161072036018 3.02664428674
0.171076538269 2.65102726222
0.18108104052 2.336512163
0.191085542771 2.07943317402
0.201090045023 1.85890184167
0.211094547274 1.67499287013
0.221099049525 1.51399323086
0.231103551776 1.37746017811
0.241108054027 1.25591616726
0.251112556278 1.15140816548
0.261117058529 1.057094726
0.27112156078 0.975078961325
0.281126063032 0.900239585023
0.291130565283 0.834555966303
0.301135067534 0.774077485916
0.311139569785 0.720595854991
0.321144072036 0.670987126426
0.331148574287 0.626843683153
0.341153076538 0.58564432809
0.351157578789 0.548792780793
0.361162081041 0.514219560965
0.371166583292 0.483158688849
0.381171085543 0.453887221649
0.391175587794 0.427490284719
0.401180090045 0.402516116026
0.411184592296 0.379920773
0.421189094547 0.35846831995
0.431193596798 0.339003518445
0.44119809905 0.320464703491
0.451202601301 0.303600793546
0.461207103552 0.287492603152
0.471211605803 0.272806436315
0.481216108054 0.258740864607
0.491220610305 0.245890817395
0.501225112556 0.233553122151
0.511229614807 0.222260856132
0.521234117059 0.211393527671
0.53123861931 0.201430428768
0.541243121561 0.191821172301
0.551247623812 0.182998109594
0.561252126063 0.174470704
0.571256628314 0.166630188829
0.581261130565 0.159037444276
0.591265632816 0.152047554842
0.601270135068 0.145265826539
0.611274637319 0.139015450862
0.62127913957 0.132940322958
0.631283641821 0.127335399531
0.641288144072 0.121878259952
0.651292646323 0.116838782329
0.661297148574 0.111924083456
0.671301650825 0.107381695905
0.681306153077 0.102944748373
0.691310655328 0.0988408030374
0.701315157579 0.0948259875453
0.71131965983 0.0911099649503
0.721324162081 0.0874692743736
0.731328664332 0.0840974920842
0.741333166583 0.0807893364267
0.751337668834 0.0777238877752
0.761342171086 0.0747121096095
0.771346673337 0.07191998723
0.781351175588 0.0691730466931
0.791355677839 0.0666254153474
0.80136018009 0.0641157124642
0.811364682341 0.0617873030977
0.821369184592 0.0594906118898
0.831373686843 0.0573592146132
0.841378189095 0.0552542086362
0.851382691346 0.0533002468031
0.861387193597 0.0513680997974
0.871391695848 0.0495742708512
0.881396198099 0.0477983193649
0.89140070035 0.0461492908867
0.901405202601 0.0445147482356
0.911409704852 0.0429968998099
0.921414207104 0.0414906127294
0.931418709355 0.0400918159827
0.941423211606 0.038702056915
0.951427713857 0.037411487473
0.961432216108 0.0361277767039
0.971436718359 0.0349357529335
0.98144122061 0.0337487058204
0.991445722861 0.0326465501208
1.00145022511 0.0315477454813
1.01145472736 0.0305276646235
1.02145922961 0.0295095310271
1.03146373187 0.028564512633
1.04146823412 0.0276202298874
1.05147273637 0.0267439526279
1.06147723862 0.0258673661989
1.07148174087 0.0250541216858
1.08148624312 0.0242396681613
1.09149074537 0.0234842928365
1.10149524762 0.0227269348434
1.11149974987 0.0220247504399
1.12150425213 0.0213199196792
1.13150875438 0.0206666810492
1.14151325663 0.020010228317
1.15151775888 0.0194020776111
1.16152226113 0.0187902288508
1.17152676338 0.0182236551834
1.18153126563 0.0176529727555
1.19153576788 0.0171247766244
1.20154027014 0.0165921251013
1.21154477239 0.016099386934
1.22154927464 0.0156019028297
1.23155377689 0.0151419551225
1.24155827914 0.0146770200507
1.25156278139 0.0142474226415
1.26156728364 0.0138126394683
1.27157178589 0.0134111575488
1.28157628814 0.0130043291664
1.2915807904 0.0126289136948
1.30158529265 0.0122480240942
1.3115897949 0.0118967943157
1.32159429715 0.0115399916796
1.3315987994 0.0112112195007
1.34160330165 0.0108768010762
1.3516078039 0.0105688970732
1.36161230615 0.0102552956145
1.3716168084 0.00996679648561
1.38162131066 0.00967256808504
1.39162581291 0.00940212537922
1.40163031516 0.00912593852706
1.41163481741 0.00887230850497
1.42163931966 0.0086129342404
1.43164382191 0.00837496874026
1.44164832416 0.00813127177138
1.45165282641 0.00790790996874
1.46165732866 0.00767884065543
1.47166183092 0.0074691016193
1.48166633317 0.00725368872551
1.49167083542 0.00705666468493
1.50167533767 0.00685400881787
1.51167983992 0.00666885906361
1.52168434217 0.00647812672751
1.53168884442 0.00630407208185
1.54169334667 0.00612449028212
1.55169784892 0.00596080807816
1.56170235118 0.00579165941909
1.57170685343 0.0056376789371
1.58171135568 0.00547829716315
1.59171585793 0.00533339547789
1.60172036018 0.0051831614137
1.61172486243 0.00504675961142
1.62172936468 0.00490509746103
1.63173386693 0.00477665718981
1.64173836918 0.00464303115981
1.65174287144 0.0045220514804
1.66174737369 0.0043959626955
1.67175187594 0.00428197720387
1.68175637819 0.00416296088678
1.69176088044 0.00405553508221
1.70176538269 0.00394315797278
1.71176988494 0.00384188684839
1.72177438719 0.00373574483949
1.73177888944 0.00364025067435
1.7417833917 0.00353996664431
1.75178789395 0.00344989697846
1.7617923962 0.00335511880208
1.77179689845 0.0032701445778
1.7818014007 0.0031805432995
1.79180590295 0.00310035715359
1.8018104052 0.00301562530827
1.81181490745 0.00293994000196
1.8218194097 0.00285979007028
1.83182391196 0.00278833704442
1.84182841421 0.00271250003058
1.85183291646 0.00264502807511
1.86183741871 0.00257325219658
1.87184192096 0.00250952622434
1.88184642321 0.0024415757036
1.89185092546 0.00238137561952
1.90185542771 0.00231702956927
1.91185992996 0.00226014922657
1.92186443222 0.00219920062032
1.93186893447 0.00214544685665
1.94187343672 0.00208770157751
1.95187793897 0.00203689332406
1.96188244122 0.00198216928528
1.97188694347 0.00193413674289
1.98189144572 0.00188226307407
1.99189594797 0.00183684695085
2.00190045023 0.00178766324456
2.01190495248 0.00174471404987
2.02190945473 0.00169806966367
2.03191395698 0.00165744705399
2.04191845923 0.00161320046344
2.05192296148 0.00157477263593
2.06192746373 0.00153279083445
2.07193196598 0.00149643396433
2.08193646823 0.00145659190627
2.09194097049 0.00142218962464
2.10194547274 0.00138436970806
2.11194997499 0.00135181261697
2.12195447724 0.00131590420312
2.13195897949 0.00128508942492
2.14196348174 0.00125098839151
2.15196798399 0.00122181914987
2.16197248624 0.00118942747559
2.17197698849 0.00116181270584
2.18198149075 0.00113103808363
2.191985993 0.00110489207005
2.20199049525 0.00107564754715
2.2119949975 0.00105088958524
2.22199949975 0.00102309322778
2.232004002 0.000999647309689
2.24200850425 0.000973221890128
2.2520130065 0.000951016411405
2.26201750875 0.000925889117083
2.27202201101 0.000904856603274
2.28202651326 0.000880958764543
2.29203101551 0.000861035616117
2.30203551776 0.000838302452583
2.31204002001 0.000819428706871
2.32204452226 0.000797799090485
2.33204902451 0.000779918199421
2.34205352676 0.000759334433156
2.35205802901 0.000742393055643
2.36206253127 0.000722800666679
2.37206703352 0.000706748474553
2.38207153577 0.000688096020926
2.39207603802 0.00067288551758
2.40208054027 0.000655124407326
2.41208504252 0.000640710758059
2.42208954477 0.000623795080033
2.43209404702 0.000610135953324
2.44209854927 0.000594022318779
2.45210305153 0.00058107773771
2.46210755378 0.000565725132024
2.47211205603 0.000553457335224
2.48211655828 0.000538826978971
2.49212106053 0.000527200290281
2.50212556278 0.000513255509044
2.51213006503 0.000502236215453
2.52213456728 0.000488942317778
2.53213906953 0.000478498554983
2.54214357179 0.000465822717962
2.55214807404 0.000455924363071
2.56215257629 0.000443835524964
2.57215707854 0.000434454095856
2.58216158079 0.000422922855376
2.59216608304 0.000414031416258
2.60217058529 0.000403029937987
2.61217508754 0.000394603010771
2.62217958979 0.000384104936373
2.63218409205 0.000376118417453
2.6421885943 0.000366098782263
2.65219309655 0.000358529864357
2.6621975988 0.000348965019002
2.67220210105 0.000341792117742
2.6822066033 0.000332659654493
2.69221110555 0.000325862339401
2.7022156078 0.000317141022904
2.71222011006 0.00031069995255
2.72222461231 0.000302369654701
2.73222911456 0.000296266515712
2.74223361681 0.000288308154374
2.75223811906 0.000282525604052
2.76224262131 0.000274921085405
2.77224712356 0.000269442697788
2.78225162581 0.000262174862065
2.79225612806 0.000256985077109
2.80226063032 0.000250037647483
2.81226513257 0.000245121723268
2.82226963482 0.000238479257733
2.83227413707 0.000233823225452
2.84227863932 0.000227471071493
2.85228314157 0.000223061693046
2.86228764382 0.000216985944914
2.87229214607 0.000212810672982
2.88229664832 0.000206998131439
2.89230115058 0.00020304507184
2.90230565283 0.000197483206197
2.91231015508 0.000193741082422
2.92231465733 0.000188417994756
2.93231915958 0.000184876114533
2.94232366183 0.000179780505906
2.95232816408 0.000176428729669
2.96233266633 0.000171549868297
2.97233716858 0.000168378579445
2.98234167084 0.000163706270631
2.99234617309 0.000160706347481
3.00235067534 0.000156230905247
3.01235517759 0.000153393694563
3.02235967984 0.000149105914868
3.03236418209 0.000146423206871
3.04236868434 0.000142314342303
3.05237318659 0.000139778347092
3.06237768884 0.000135840083013
3.0723821911 0.000133443408304
3.08238669335 0.000129667840251
3.0923911956 0.000127403470345
3.10239569785 0.000123783082714
3.1124002001 0.00012164435863
3.12240470235 0.000118172004532
3.1324092046 0.000116152605251
3.14241370685 0.000112821487446
3.1524182091 0.000110915412181
3.16242271136 0.000107719065071
3.17242721361 0.000105920616503
3.18243171586 0.000102852889105
3.19243621811 0.000101156657538
3.20244072036 9.82116973554e-05
3.21244522261 9.66125457607e-05
3.22244972486 9.37847835554e-05
3.23245422711 9.22778333842e-05
3.24245872936 8.95619687443e-05
3.25246323162 8.81425865524e-05
3.26246773387 8.55335742444e-05
3.27247223612 8.41973590126e-05
3.28247673837 8.16903960604e-05
3.29248124062 8.04331672042e-05
3.30248574287 7.80236806691e-05
3.31249024512 7.68414667113e-05
3.32249474737 7.45251020798e-05
3.33249924962 7.34141298975e-05
3.34250375188 7.1186740142e-05
3.35250825413 7.01434248088e-05
3.36251275638 6.80010599794e-05
3.37251725863 6.70219951502e-05
3.38252176088 6.49608925357e-05
3.39252626313 6.40428413351e-05
3.40253076538 6.2059416132e-05
3.41253526763 6.11993025211e-05
3.42253976988 5.92901390008e-05
3.43254427214 5.84850396157e-05
3.44254877439 5.6646882732e-05
3.45255327664 5.58940191371e-05
3.46255777889 5.41237665951e-05
3.47256228114 5.34204979435e-05
3.48256678339 5.17151926679e-05
3.49257128564 5.10590087726e-05
3.50257578789 4.94158317497e-05
3.51258029015 4.88043464766e-05
3.5225847924 4.72206100001e-05
3.53258929465 4.66515550362e-05
3.5425937969 4.51246962705e-05
3.55259829915 4.45959152031e-05
3.5626028014 4.31234900837e-05
3.57260730365 4.26329327942e-05
3.5826118059 4.12126102525e-05
3.59261630815 4.07583275903e-05
3.60262081041 3.93878840551e-05
3.61262531266 3.89680228022e-05
3.62262981491 3.76453369987e-05
3.63263431716 3.72581350751e-05
3.64263881941 3.5981183068e-05
3.65264332166 3.56249650002e-05
3.66264782391 3.4391815503e-05
3.67265232616 3.40649881191e-05
3.68265682841 3.28737980429e-05
3.69266133067 3.25748463783e-05
3.70266583292 3.14238565749e-05
3.71267033517 3.1151340008e-05
3.72267483742 3.00388712696e-05
3.73267933967 2.97914198262e-05
3.74268384192 2.87158690575e-05
3.75268834417 2.84921799407e-05
3.76269284642 2.74520165282e-05
3.77269734867 2.72508507884e-05
3.78270185093 2.62446131507e-05
3.79270635318 2.60647925468e-05
3.80271085543 2.50910848615e-05
3.81271535768 2.49314888685e-05
3.82271985993 2.39889779501e-05
3.83272436218 2.3848540924e-05
3.84272886443 2.2935953276e-05
3.85273336668 2.28136617622e-05
3.86273786893 2.19297807465e-05
3.87274237119 2.18246709177e-05
3.88274687344 2.09683340924e-05
3.89275137569 2.08794893289e-05
3.90275587794 2.00495858938e-05
3.91276038019 1.997613446e-05
3.92276488244 1.91716028483e-05
3.93276938469 1.9112715711e-05
3.94277388694 1.83325412758e-05
3.95277838919 1.8287430016e-05
3.96278289145 1.75306428449e-05
3.9727873937 1.74985576792e-05
3.98279189595 1.67642305225e-05
3.9927963982 1.6744458426e-05
4.00280090045 1.6031704699e-05
4.0128054027 1.6023567617e-05
4.02280990495 1.53315395244e-05
4.0328144072 1.53343926611e-05
4.04281890945 1.46622794059e-05
4.05282341171 1.46755096247e-05
4.06282791396 1.40225356912e-05
4.07283241621 1.40455599756e-05
4.08283691846 1.34109835119e-05
4.09284142071 1.34432474969e-05
4.10284592296 1.2826358767e-05
4.11285042521 1.28673353691e-05
4.12285492746 1.22674552749e-05
4.13285942971 1.2316643353e-05
4.14286393197 1.17331220388e-05
4.15286843422 1.17900451543e-05
4.16287293647 1.12222606632e-05
4.17287743872 1.12864658823e-05
4.18288194097 1.0733822903e-05
4.19288644322 1.08048796559e-05
4.20289094547 1.0266808284e-05
4.21289544772 1.03443072959e-05
4.22289994997 9.82026190169e-06
4.23290445223 9.903814157e-06
4.24290895448 9.39327227393e-06
4.25291345673 9.48250805534e-06
4.26291795898 8.98496935129e-06
4.27292246123 9.07953728577e-06
4.28292696348 8.59452253972e-06
4.29293146573 8.69408873886e-06
4.30293596798 8.22113890694e-06
4.31294047024 8.32538611002e-06
4.32294497249 7.86406142049e-06
4.33294947474 7.97268820547e-06
4.34295397699 7.52256728337e-06
4.35295847924 7.63528730177e-06
4.36296298149 7.19596635636e-06
4.37296748374 7.31250759982e-06
4.38297198599 6.88359963948e-06
4.39297648824 7.00370376608e-06
4.4029809905 6.58483784341e-06
4.41298549275 6.70825951274e-06
4.422989995 6.29908001916e-06
4.43299449725 6.42558626802e-06
4.4429989995 6.02575224954e-06
4.45300350175 6.15512189816e-06
4.463008004 5.76430640458e-06
4.47301250625 5.89632949122e-06
4.4830170085 5.51421896272e-06
4.49302151076 5.64869620468e-06
4.50302601301 5.27498988373e-06
4.51303051526 5.41173216643e-06
4.52303501751 5.04614152268e-06
4.53303951976 5.18496941174e-06
4.54304402201 4.82721762448e-06
4.55304852426 4.96796089302e-06
4.56305302651 4.61778232185e-06
4.57305752876 4.76027951943e-06
4.58306203102 4.41741921892e-06
4.59306653327 4.56151724608e-06
4.60307103552 4.22573051039e-06
4.61307553777 4.3712842144e-06
4.62308004002 4.04233612115e-06
4.63308454227 4.18920791324e-06
4.64308904452 3.8668728989e-06
4.65309354677 4.01493240061e-06
4.66309804902 3.69899386785e-06
4.67310255128 3.84811754924e-06
4.68310705353 3.53836745857e-06
4.69311155578 3.68843832465e-06
4.70311605803 3.38467684723e-06
4.71312056028 3.53558410766e-06
4.72312506253 3.23761925909e-06
4.73312956478 3.38925804261e-06
4.74313406703 3.09690534487e-06
4.75313856928 3.24917640302e-06
4.76314307154 2.96225857602e-06
4.77314757379 3.11506802876e-06
4.78315207604 2.83341466498e-06
4.79315657829 2.98667371696e-06
4.80316108054 2.71012100798e-06
4.81316558279 2.86374572111e-06
4.82317008504 2.59213616046e-06
4.83317458729 2.74604721435e-06
4.84317908954 2.47922934613e-06
4.8531835918 2.63335182185e-06
4.86318809405 2.37117996027e-06
4.8731925963 2.52544310235e-06
4.88319709855 2.26777711798e-06
4.8932016008 2.42211416241e-06
4.90320610305 2.1688192239e-06
4.9132106053 2.32316719127e-06
4.92321510755 2.07411356071e-06
4.9332196098 2.2284130673e-06
4.94322411206 1.98347587218e-06
4.95322861431 2.13767096331e-06
4.96323311656 1.89673000479e-06
4.97323761881 2.05076798337e-06
4.98324212106 1.81370753698e-06
4.99324662331 1.96753880457e-06
5.00325112556 1.73424742534e-06
5.01325562781 1.88782533553e-06
5.02326013007 1.65819569661e-06
5.03326463232 1.81147639845e-06
5.04326913457 1.58540511258e-06
5.05327363682 1.7383474301e-06
5.06327813907 1.51573487974e-06
5.07328264132 1.66830016445e-06
5.08328714357 1.44905036453e-06
5.09329164582 1.60120238346e-06
5.10329614807 1.38522281318e-06
5.11330065033 1.53692761776e-06
5.12330515258 1.32412909345e-06
5.13330965483 1.47535491855e-06
5.14331415708 1.26565144601e-06
5.15331865933 1.41636859322e-06
5.16332316158 1.20967724855e-06
5.17332766383 1.35985798363e-06
5.18333216608 1.15609878131e-06
5.19333666833 1.30571724217e-06
5.20334117059 1.10481301363e-06
5.21334567284 1.25384511519e-06
5.22335017509 1.05572140907e-06
5.23335467734 1.20414474064e-06
5.24335917959 1.00872969479e-06
5.25336368184 1.15652346333e-06
5.26336818409 9.63747712935e-07
5.27337268634 1.11089263463e-06
5.28337718859 9.20689212703e-07
5.29338169085 1.06716744972e-06
5.3033861931 8.79471684847e-07
5.31339069535 1.02526676996e-06
5.3233951976 8.40016199555e-07
5.33339969985 9.85112966321e-07
5.3434042021 8.02247242593e-07
5.35340870435 9.46631760899e-07
5.3634132066 7.66092582303e-07
5.37341770885 9.09752083064e-07
5.38342221111 7.31483093008e-07
5.39342671336 8.74405930292e-07
5.40343121561 6.98352659673e-07
5.41343571786 8.4052823267e-07
5.42344022011 6.66638012998e-07
5.43344472236 8.08056715834e-07
5.44344922461 6.36278618273e-07
5.45345372686 7.76931798367e-07
5.46345822911 6.07216555445e-07
5.47346273137 7.47096449184e-07
5.48346723362 5.79396399314e-07
5.49347173587 7.18496099075e-07
5.50347623812 5.52765122606e-07
5.51348074037 6.91078517378e-07
5.52348524262 5.27271973998e-07
5.53348974487 6.64793715887e-07
5.54349424712 5.02868395864e-07
5.55349874937 6.39593858023e-07
5.56350325163 4.79507911836e-07
5.57350775388 6.15433149068e-07
5.58351225613 4.57146053888e-07
5.59351675838 5.9226776293e-07
5.60352126063 4.35740260776e-07
5.61352576288 5.70055744481e-07
5.62353026513 4.15249797791e-07
5.63353476738 5.48756942463e-07
5.64353926963 3.95635688359e-07
5.65354377189 5.28332912553e-07
5.66354827414 3.76860615907e-07
5.67355277639 5.08746859162e-07
5.68355727864 3.58888875369e-07
5.69356178089 4.89963559166e-07
5.70356628314 3.41686286297e-07
5.71357078539 4.71949286338e-07
5.72357528764 3.25220142635e-07
5.73357978989 4.54671762003e-07
5.74358429215 3.09459122047e-07
5.7535887944 4.38100075525e-07
5.76359329665 2.94373258384e-07
5.7735977989 4.22204637262e-07
5.78360230115 2.79933858753e-07
5.7936068034 4.06957115435e-07
5.80361130565 2.66113462127e-07
5.8136158079 3.92330381683e-07
5.82362031016 2.52885779188e-07
5.83362481241 3.78298470139e-07
5.84362931466 2.402256438e-07
5.85363381691 3.64836507468e-07
5.86363831916 2.28108965976e-07
5.87364282141 3.51920682313e-07
5.88364732366 2.16512680413e-07
5.89365182591 3.39528193199e-07
5.90365632816 2.05414708919e-07
5.91366083042 3.27637204459e-07
5.92366533267 1.9479391362e-07
5.93366983492 3.16226806098e-07
5.94367433717 1.84630055203e-07
5.95367883942 3.05276975604e-07
5.96368334167 1.74903767418e-07
5.97368784392 2.94768539586e-07
5.98369234617 1.65596483297e-07
5.99369684842 2.84683126464e-07
6.00370135068 1.56690459649e-07
6.01370585293 2.75003156925e-07
6.02371035518 1.48168682791e-07
6.03371485743 2.65711778797e-07
6.04371935968 1.40014873481e-07
6.05372386193 2.56792868249e-07
6.06372836418 1.32213440019e-07
6.07373286643 2.48230960347e-07
6.08373736868 1.24749453186e-07
6.09374187094 2.40011263377e-07
6.10374637319 1.17608630468e-07
6.11375087544 2.32119606602e-07
6.12375537769 1.10777275116e-07
6.13375987994 2.24542401624e-07
6.14376438219 1.04242285483e-07
6.15376888444 2.17266643174e-07
6.16377338669 9.79911116614e-08
6.17377788894 2.10279874743e-07
6.1837823912 9.20117340615e-08
6.19378689345 2.03570158088e-07
6.2037913957 8.62926460648e-08
6.21379589795 1.97126058194e-07
6.2238004002 8.08228259352e-08
6.23380490245 1.90936624769e-07
6.2438094047 7.55917218604e-08
6.25381390695 1.84991365125e-07
6.2638184092 7.05892275577e-08
6.27382291146 1.79280221098e-07
6.28382741371 6.58056612969e-08
6.29383191596 1.73793566449e-07
6.30383641821 6.12317546631e-08
6.31384092046 1.68522169764e-07
6.32384542271 5.68586301585e-08
6.33384992496 1.63457191528e-07
6.34385442721 5.26777891976e-08
6.35385892946 1.58590161279e-07
6.36386343172 4.86810803952e-08
6.37386793397 1.53912961863e-07
6.38387243622 4.48607164912e-08
6.39387693847 1.49417813594e-07
6.40388144072 4.12092198329e-08
6.41388594297 1.4509726794e-07
6.42389044522 3.7719439604e-08
6.43389494747 1.40944183658e-07
6.44389944972 3.43845241136e-08
6.45390395198 1.36951713501e-07
6.46390845423 3.11979088757e-08
6.47391295648 1.33113303955e-07
6.48391745873 2.81533131066e-08
6.49392196098 1.29422673095e-07
6.50392646323 2.52447121572e-08
6.51393096548 1.25873795433e-07
6.52393546773 2.24663404468e-08
6.53393996998 1.22460900305e-07
6.54394447224 1.98126728208e-08
6.55394897449 1.19178455869e-07
6.56395347674 1.727842112e-08
6.57395797899 1.16021163319e-07
6.58396248124 1.4858516351e-08
6.59396698349 1.12983940958e-07
6.60397148574 1.25481058307e-08
6.61397598799 1.10061920517e-07
6.62398049025 1.03425379022e-08
6.6339849925 1.07250432928e-07
6.64398949475 8.23735974185e-09
6.653993997 1.04545004177e-07
6.66399849925 6.22830049445e-09
6.6740030015 1.01941347687e-07
6.68400750375 4.31127946549e-09
6.694012006 9.94353552749e-08
6.70401650825 2.48238284336e-09
6.71402101051 9.70230834655e-08
6.72402551276 7.37852024301e-10
6.73403001501 9.4700756832e-08
6.74403451726 -9.25897466895e-10
6.75403901951 9.2464754898e-08
6.76404352176 -2.51231120345e-09
6.77404802401 9.03116033675e-08
6.78405252626 -4.02468386188e-09
6.79405702851 8.82379849899e-08
6.80406153077 -5.46617297573e-09
6.81406603302 8.62406972491e-08
6.82407053527 -6.83980902393e-09
6.83407503752 8.43166852413e-08
6.84407953977 -8.14848166598e-09
6.85408404202 8.24630223414e-08
6.86408854427 -9.39497382156e-09
6.87409304652 8.0676891965e-08
6.88409754877 -1.05819418365e-08
6.89410205103 7.89556003744e-08
6.90410655328 -1.17119337048e-08
6.91411105553 7.72965626818e-08
6.92411555778 -1.27873917892e-08
6.93412006003 7.56972997714e-08
6.94412456228 -1.38106503971e-08
6.95412906453 7.41554396761e-08
6.96413356678 -1.47839566196e-08
6.97413806903 7.26686955279e-08
6.98414257129 -1.57094495179e-08
6.99414707354 7.12348894342e-08
7.00415157579 -1.65891874529e-08
7.01415607804 6.9851922552e-08
7.02416058029 -1.74251395401e-08
7.03416508254 6.85177873824e-08
7.04416958479 -1.82191900399e-08
7.05417408704 6.7230555479e-08
7.06417858929 -1.89731544666e-08
7.07418309155 6.59883786532e-08
7.0841875938 -1.96887549708e-08
7.09419209605 6.47894833392e-08
7.1041965983 -2.03676531611e-08
7.11420110055 6.3632171189e-08
7.1242056028 -2.10114409413e-08
7.13421010505 6.25148106471e-08
7.1442146073 -2.1621639583e-08
7.15421910955 6.14358368053e-08
7.16422361181 -2.21997053301e-08
7.17422811406 6.03937511445e-08
7.18423261631 -2.27470356618e-08
7.19423711856 5.93871144817e-08
7.20424162081 -2.32649714354e-08
7.21424612306 5.841454417e-08
7.22425062531 -2.37547936063e-08
7.23425512756 5.74747191586e-08
7.24425962981 -2.42177283233e-08
7.25426413207 5.65663683001e-08
7.26426863432 -2.46549539505e-08
7.27427313657 5.56882759192e-08
7.28427763882 -2.50675922995e-08
7.29428214107 5.48392662035e-08
7.30428664332 -2.54567331979e-08
7.31429114557 5.40182168483e-08
7.32429564782 -2.58234113842e-08
7.33430015008 5.32240597177e-08
7.34430465233 -2.61686063199e-08
7.35430915458 5.24557574976e-08
7.36431365683 -2.64932782086e-08
7.37431815908 5.17123185379e-08
7.38432266133 -2.67983290975e-08
7.39432716358 5.09927927073e-08
7.40433166583 -2.70846338921e-08
7.41433616808 5.02962729419e-08
7.42434067034 -2.73530228074e-08
7.43434517259 4.9621874152e-08
7.44434967484 -2.7604302332e-08
7.45435417709 4.89687652256e-08
7.46435867934 -2.78392312965e-08
7.47436318159 4.8336136099e-08
7.48436768384 -2.80585474462e-08
7.49437218609 4.77232132832e-08
7.50437668834 -2.82629460507e-08
7.5143811906 4.71292548801e-08
7.52438569285 -2.84531099024e-08
7.5343901951 4.65535491025e-08
7.54439469735 -2.86296772121e-08
7.5543991996 4.59954083529e-08
7.56440370185 -2.87932656043e-08
7.5744082041 4.54541806108e-08
7.58441270635 -2.89444687411e-08
7.5944172086 4.49292314021e-08
7.60442171086 -2.90838493991e-08
7.61442621311 4.44199593042e-08
7.62443071536 -2.92119552579e-08
7.63443521761 4.39257807568e-08
7.64443971986 -2.93292996487e-08
7.65444422211 4.34461416973e-08
7.66444872436 -2.94363793209e-08
7.67445322661 4.29805036414e-08
7.68445772886 -2.95336765842e-08
7.69446223112 4.25283575696e-08
7.70446673337 -2.96216471637e-08
7.71447123562 4.20892005784e-08
7.72447573787 -2.97007204121e-08
7.73448024012 4.16625688377e-08
7.74448474237 -2.97713234345e-08
7.75448924462 4.12480024712e-08
7.76449374687 -2.98338522882e-08
7.77449824912 4.08450648293e-08
7.78450275138 -2.98886916539e-08
7.79450725363 4.04533396962e-08
7.80451175588 -2.99362067597e-08
7.81451625813 4.00724177633e-08
7.82452076038 -2.99767545635e-08
7.83452526263 3.97019179587e-08
7.84452976488 -3.00106677458e-08
7.85453426713 3.93414675181e-08
7.86453876938 -3.00382645548e-08
7.87454327164 3.89907118326e-08
7.88454777389 -3.00598618645e-08
7.89455227614 3.86493022519e-08
7.90455677839 -3.00757479708e-08
7.91456128064 3.83169142799e-08
7.92456578289 -3.00862151863e-08
7.93457028514 3.79932275654e-08
7.94457478739 -3.00915256155e-08
7.95457928964 3.76779385335e-08
7.9645837919 -3.00919419884e-08
7.97458829415 3.73707623516e-08
7.9845927964 -3.0087710695e-08
7.99459729865 3.70714103542e-08
8.0046018009 -3.00790729413e-08
8.01460630315 3.67796176263e-08
8.0246108054 -3.00662436364e-08
8.03461530765 3.64951221325e-08
8.0446198099 -3.00494598982e-08
8.05462431216 3.62176772846e-08
8.06462881441 -3.00289177096e-08
8.07463331666 3.59470411273e-08
8.08463781891 -3.00048159982e-08
8.09464232116 3.56829893864e-08
8.10464682341 -2.99773501064e-08
8.11465132566 3.54252956257e-08
8.12465582791 -2.99466979092e-08
8.13466033017 3.51737496475e-08
8.14466483242 -2.99130359877e-08
8.15466933467 3.49281473305e-08
8.16467383692 -2.98765298749e-08
8.17467833917 3.46882931186e-08
8.18468284142 -2.98373424724e-08
8.19468734367 3.44539972112e-08
8.20469184592 -2.9795624057e-08
8.21469634817 3.42250769229e-08
8.22470085043 -2.97515206199e-08
8.23470535268 3.40013620422e-08
8.24470985493 -2.97051738277e-08
8.25471435718 3.37826822149e-08
8.26471885943 -2.96567131889e-08
8.27472336168 3.35688749499e-08
8.28472786393 -2.96062696271e-08
8.29473236618 3.33597899741e-08
8.30473686843 -2.95539652408e-08
8.31474137069 3.31552742232e-08
8.32474587294 -2.94999153577e-08
8.33475037519 3.29551838598e-08
8.34475487744 -2.94442338548e-08
8.35475937969 3.27593839039e-08
8.36476388194 -2.93870242017e-08
8.37476838419 3.25677387821e-08
8.38477288644 -2.93283917318e-08
8.39477738869 3.23801234868e-08
8.40478189095 -2.92684312277e-08
8.4147863932 3.21964149749e-08
8.42479089545 -2.92072342086e-08
8.4347953977 3.201649251e-08
8.44479989995 -2.91448982049e-08
8.4548044022 3.18402430344e-08
8.46480890445 -2.9081497561e-08
8.4748134067 3.16675628171e-08
8.48481790895 -2.90171200883e-08
8.49482241121 3.14983348234e-08
8.50482691346 -2.89518441793e-08
8.51483141571 3.13324666064e-08
8.52483591796 -2.88857387963e-08
8.53484042021 3.11698607471e-08
8.54484492246 -2.88188741682e-08
8.55484942471 3.10104228938e-08
8.56485392696 -2.87513233561e-08
8.57485842921 3.08540600737e-08
8.58486293147 -2.86831461288e-08
8.59486743372 3.07006871906e-08
8.60487193597 -2.86144063561e-08
8.61487643822 3.05502202392e-08
8.62488094047 -2.85451622279e-08
8.63488544272 3.04025759045e-08
8.64488994497 -2.84754687159e-08
8.65489444722 3.02576806518e-08
8.66489894947 -2.84053809463e-08
8.67490345173 3.01154571028e-08
8.68490795398 -2.83349482383e-08
8.69491245623 2.99758353215e-08
8.70491695848 -2.82642186975e-08
8.71492146073 2.98387424635e-08
8.72492596298 -2.81932413027e-08
8.73493046523 2.97041138397e-08
8.74493496748 -2.81220578121e-08
8.75493946973 2.95718849805e-08
8.76494397199 -2.80507093246e-08
8.77494847424 2.94419961243e-08
8.78495297649 -2.79792381502e-08
8.79495747874 2.93143819159e-08
8.80496198099 -2.79076813448e-08
8.81496648324 2.91889889609e-08
8.82497098549 -2.7836073096e-08
8.83497548774 2.90657630139e-08
8.84497998999 -2.77644523493e-08
8.85498449225 2.89446453111e-08
8.8649889945 -2.76928481369e-08
8.87499349675 2.88255893977e-08
8.884997999 -2.76212931354e-08
8.89500250125 2.87085421101e-08
8.9050070035 -2.75498164761e-08
8.91501150575 2.85934574872e-08
8.925016008 -2.74784458528e-08
8.93502051026 2.84802883193e-08
8.94502501251 -2.74072098182e-08
8.95502951476 2.83689914905e-08
8.96503401701 -2.73361316937e-08
8.97503851926 2.82595217538e-08
8.98504302151 -2.72652372859e-08
8.99504752376 2.81518394522e-08
9.00505202601 -2.71945477207e-08
9.01505652826 2.80459035703e-08
9.02506103052 -2.7124087448e-08
9.03506553277 2.79416792448e-08
9.04507003502 -2.70538724442e-08
9.05507453727 2.78391222107e-08
9.06507903952 -2.69839266933e-08
9.07508354177 2.77382021689e-08
9.08508804402 -2.69142677921e-08
9.09509254627 2.76388801182e-08
9.10509704852 -2.68449128628e-08
9.11510155078 2.75411289405e-08
9.12510605303 -2.67758740996e-08
9.13511055528 2.74449136845e-08
9.14511505753 -2.67071742541e-08
9.15511955978 2.73501996377e-08
9.16512406203 -2.66388209485e-08
9.17512856428 2.72569640806e-08
9.18513306653 -2.65708330238e-08
9.19513756878 2.71651712456e-08
9.20514207104 -2.65032225024e-08
9.21514657329 2.70747969064e-08
9.22515107554 -2.64359970687e-08
9.23515557779 2.69858145712e-08
9.24516008004 -2.63691785501e-08
9.25516458229 2.68981946291e-08
9.26516908454 -2.63027655599e-08
9.27517358679 2.68119163878e-08
9.28517808904 -2.6236777666e-08
9.2951825913 2.67269519798e-08
9.30518709355 -2.61712180982e-08
9.3151915958 2.66432813386e-08
9.32519609805 -2.61060998373e-08
9.3352006003 2.65608796695e-08
9.34520510255 -2.60414290595e-08
9.3552096048 2.64797261028e-08
9.36521410705 -2.59772153051e-08
9.3752186093 2.6399800103e-08
9.38522311156 -2.59134613186e-08
9.39522761381 2.63210810567e-08
9.40523211606 -2.58501795354e-08
9.41523661831 2.62435494192e-08
9.42524112056 -2.57873723937e-08
9.43524562281 2.61671865985e-08
9.44525012506 -2.57250438483e-08
9.45525462731 2.60919759031e-08
9.46525912956 -2.56632072793e-08
9.47526363182 2.60178942017e-08
9.48526813407 -2.56018558266e-08
9.49527263632 2.5944932008e-08
9.50527713857 -2.5541002187e-08
9.51528164082 2.58730693944e-08
9.52528614307 -2.54806494766e-08
9.53529064532 2.58022914114e-08
9.54529514757 -2.5420796431e-08
9.55529964982 2.57325815776e-08
9.56530415208 -2.53614513532e-08
9.57530865433 2.56639265892e-08
9.58531315658 -2.53026137085e-08
9.59531765883 2.5596313565e-08
9.60532216108 -2.52442869308e-08
9.61532666333 2.55297264809e-08
9.62533116558 -2.51864717724e-08
9.63533566783 2.54641550863e-08
9.64534017009 -2.51291743403e-08
9.65534467234 2.53995847555e-08
9.66534917459 -2.50723914222e-08
9.67535367684 2.53360044731e-08
9.68535817909 -2.50161236573e-08
9.69536268134 2.52734037238e-08
9.70536718359 -2.49603755542e-08
9.71537168584 2.52117705709e-08
9.72537618809 -2.49051430031e-08
9.73538069035 2.51510950999e-08
9.7453851926 -2.48504328477e-08
9.75538969485 2.50913642113e-08
9.7653941971 -2.47962401459e-08
9.77539869935 2.50325654446e-08
9.7854032016 -2.47425683305e-08
9.79540770385 2.49747003193e-08
9.8054122061 -2.46894110873e-08
9.81541670835 2.49177509902e-08
9.82542121061 -2.46367731641e-08
9.83542571286 2.48617128802e-08
9.84543021511 -2.4584649925e-08
9.85543471736 2.48065758435e-08
9.86543921961 -2.45330418627e-08
9.87544372186 2.47523332064e-08
9.88544822411 -2.44819482758e-08
9.89545272636 2.46989759141e-08
9.90545722861 -2.44313652281e-08
9.91546173087 2.46464990693e-08
9.92546623312 -2.43812918956e-08
9.93547073537 2.45948945018e-08
9.94547523762 -2.43317269373e-08
9.95547973987 2.45441579141e-08
9.96548424212 -2.4282667941e-08
9.97548874437 2.44942787706e-08
9.98549324662 -2.42341122702e-08
9.99549774887 2.44452568233e-08
10.0055022511 -2.41860544179e-08
10.0155067534 2.43970843761e-08
10.0255112556 -2.41384967603e-08
10.0355157579 2.4349753372e-08
10.0455202601 -2.40914305629e-08
10.0555247624 2.43032689388e-08
10.0655292646 -2.40448568659e-08
10.0755337669 2.42576154228e-08
10.0855382691 -2.3998770609e-08
10.0955427714 2.42127937209e-08
10.1055472736 -2.3953166849e-08
10.1155517759 2.41688002422e-08
10.1255562781 -2.39080448308e-08
10.1355607804 2.41256301411e-08
10.1455652826 -2.38633979874e-08
10.1555697849 2.40832873494e-08
10.1655742871 -2.38192218822e-08
10.1755787894 2.40417587722e-08
10.1855832916 -2.37755131299e-08
10.1955877939 2.40010478796e-08
10.2055922961 -2.37322668701e-08
10.2155967984 2.39611526938e-08
10.2256013007 -2.36894757528e-08
10.2356058029 2.39220694679e-08
10.2456103052 -2.36471443951e-08
10.2556148074 2.38837979833e-08
10.2656193097 -2.3605252555e-08
10.2756238119 2.38463383902e-08
10.2856283142 -2.35638057942e-08
10.2956328164 2.3809688429e-08
10.3056373187 -2.35227922808e-08
10.3156418209 2.37738521882e-08
10.3256463232 -2.34822097765e-08
10.3356508254 2.37388181141e-08
10.3456553277 -2.34420515926e-08
10.3556598299 2.37045975577e-08
10.3656643322 -2.34023148751e-08
10.3756688344 2.36711882852e-08
10.3856733367 -2.33629868314e-08
10.3956778389 2.36385881715e-08
10.4056823412 -2.33240626917e-08
10.4156868434 2.36068016073e-08
10.4256913457 -2.32855389595e-08
10.4356958479 2.35758317128e-08
10.4457003502 -2.32474036456e-08
10.4557048524 2.35456743245e-08
10.4657093547 -2.32096506445e-08
10.4757138569 2.3516339336e-08
10.4857183592 -2.31722745272e-08
10.4957228614 2.34878249353e-08
10.5057273637 -2.31352638037e-08
10.5157318659 2.34601338325e-08
10.5257363682 -2.30986149765e-08
10.5357408704 2.34332740655e-08
10.5457453727 -2.30623145667e-08
10.5557498749 2.34072429949e-08
10.5657543772 -2.30263578602e-08
10.5757588794 2.33820517282e-08
10.5857633817 -2.29907314518e-08
10.5957678839 2.33576994414e-08
10.6057723862 -2.29554300285e-08
10.6157768884 2.33341936336e-08
10.6257813907 -2.29204404173e-08
10.6357858929 2.33115417967e-08
10.6457903952 -2.28857588323e-08
10.6557948974 2.32897459046e-08
10.6657993997 -2.28513680599e-08
10.675803902 2.32688143802e-08
10.6858084042 -2.28172596097e-08
10.6958129065 2.32487522882e-08
10.7058174087 -2.27834230435e-08
10.715821911 2.32295745776e-08
10.7258264132 -2.27498477384e-08
10.7358309155 2.32112789559e-08
10.7458354177 -2.27165207446e-08
10.75583992 2.31938773038e-08
10.7658444222 -2.26834308583e-08
10.7758489245 2.31773809511e-08
10.7858534267 -2.26505644366e-08
10.795857929 2.31617949617e-08
10.8058624312 -2.26179108645e-08
10.8158669335 2.31471339367e-08
10.8258714357 -2.25854508059e-08
10.835875938 2.313340574e-08
10.8458804402 -2.25531770287e-08
10.8558849425 2.312062171e-08
10.8658894447 -2.25210739009e-08
10.875893947 2.31087909934e-08
10.8858984492 -2.24891258678e-08
10.8959029515 2.30979308139e-08
10.9059074537 -2.24573132207e-08
10.915911956 2.30880464814e-08
10.9259164582 -2.24256312234e-08
10.9359209605 2.30791593161e-08
10.9459254627 -2.23940516973e-08
10.955929965 2.30712805355e-08
10.9659344672 -2.23625614542e-08
10.9759389695 2.30644237124e-08
10.9859434717 -2.23311489327e-08
10.995947974 2.30586050524e-08
11.0059524762 -2.22997839627e-08
11.0159569785 2.3053842154e-08
11.0259614807 -2.2268458489e-08
11.035965983 2.30501486737e-08
11.0459704852 -2.22371491569e-08
11.0559749875 2.30475447329e-08
11.0659794897 -2.22058371432e-08
11.075983992 2.30460466959e-08
11.0859884942 -2.21745002287e-08
11.0959929965 2.3045678341e-08
11.1059974987 -2.21431167881e-08
11.116002001 2.30464536626e-08
11.1260065033 -2.21116660627e-08
11.1360110055 2.30483981076e-08
11.1460155078 -2.20801217768e-08
11.15602001 2.30515322659e-08
11.1660245123 -2.20484645197e-08
11.1760290145 2.30558781352e-08
11.1860335168 -2.20166653103e-08
11.196038019 2.30614621512e-08
11.2060425213 -2.19847012039e-08
11.2160470235 2.30683054031e-08
11.2260515258 -2.19525466359e-08
11.236056028 2.30764369985e-08
11.2460605303 -2.19201688763e-08
11.2560650325 2.30858807163e-08
11.2660695348 -2.18875453355e-08
11.276074037 2.30966701635e-08
11.2860785393 -2.18546406972e-08
11.2960830415 2.31088290042e-08
11.3060875438 -2.18214314417e-08
11.316092046 2.31223871198e-08
11.3260965483 -2.17878789348e-08
11.3361010505 2.31373828081e-08
11.3461055528 -2.17539554139e-08
11.356110055 2.315384246e-08
11.3661145573 -2.17196205221e-08
11.3761190595 2.31718038376e-08
11.3861235618 -2.16848472337e-08
11.396128064 2.31913000587e-08
11.4061325663 -2.16495922177e-08
11.4161370685 2.32123713323e-08
11.4261415708 -2.16138204167e-08
11.436146073 2.32350516612e-08
11.4461505753 -2.15774922933e-08
11.4561550775 2.32593882533e-08
11.4661595798 -2.15405619079e-08
11.476164082 2.32854151553e-08
11.4861685843 -2.15029942433e-08
11.4961730865 2.33131802856e-08
11.5061775888 -2.14647471257e-08
11.516182091 2.3342723402e-08
11.5261865933 -2.1425768567e-08
11.5361910955 2.33740970704e-08
11.5461955978 -2.13860082505e-08
11.5562001001 2.34073502521e-08
11.5662046023 -2.13454249939e-08
11.5762091046 2.34425286306e-08
11.5862136068 -2.13039641874e-08
11.5962181091 2.34796882242e-08
11.6062226113 -2.12615732908e-08
11.6162271136 2.35188837775e-08
11.6262316158 -2.1218196934e-08
11.6362361181 2.35601681662e-08
11.6462406203 -2.1173780679e-08
11.6562451226 2.36036039498e-08
11.6662496248 -2.11282634729e-08
11.6762541271 2.36492494332e-08
11.6862586293 -2.10815852764e-08
11.6962631316 2.36971712586e-08
11.7062676338 -2.1033681563e-08
11.7162721361 2.37474306807e-08
11.7262766383 -2.09844872471e-08
11.7362811406 2.38001026708e-08
11.7462856428 -2.09339343386e-08
11.7562901451 2.38552504309e-08
11.7662946473 -2.08819522608e-08
11.7762991496 2.39129541762e-08
11.7863036518 -2.08284656548e-08
11.7963081541 2.39732862881e-08
11.8063126563 -2.07733992185e-08
11.8163171586 2.40363303747e-08
11.8263216608 -2.07166748161e-08
11.8363261631 2.41021622775e-08
11.8463306653 -2.0658208332e-08
11.8563351676 2.41708760248e-08
11.8663396698 -2.05979162827e-08
11.8763441721 2.42425551708e-08
11.8863486743 -2.05357088299e-08
11.8963531766 2.43172919586e-08
11.9063576788 -2.04714958853e-08
11.9163621811 2.43951868247e-08
11.9263666833 -2.04051788627e-08
11.9363711856 2.4476333884e-08
11.9463756878 -2.03366605239e-08
11.9563801901 2.45608406432e-08
11.9663846923 -2.0265839483e-08
11.9763891946 2.46488119211e-08
11.9863936968 -2.01926076304e-08
11.9963981991 2.47403598108e-08
12.0064027014 -2.01168532252e-08
12.0164072036 2.48355996794e-08
12.0264117059 -2.00384667841e-08
12.0364162081 2.49346522062e-08
12.0464207104 -1.99573198273e-08
12.0564252126 2.5037641928e-08
12.0664297149 -1.9873297258e-08
12.0764342171 2.51446974062e-08
12.0864387194 -1.97862663465e-08
12.0964432216 2.52559539631e-08
12.1064477239 -1.96960938087e-08
12.1164522261 2.53715506067e-08
12.1264567284 -1.96026385994e-08
12.1364612306 2.54916325525e-08
12.1464657329 -1.95057625802e-08
12.1564702351 2.56163485986e-08
12.1664747374 -1.94053165388e-08
12.1764792396 2.57458520949e-08
12.1864837419 -1.93011411265e-08
12.1964882441 2.58803102903e-08
12.2064927464 -1.91930790171e-08
12.2164972486 2.60198861073e-08
12.2265017509 -1.90809613222e-08
12.2365062531 2.61647582438e-08
12.2465107554 -1.89646151114e-08
12.2565152576 2.63151044574e-08
12.2665197599 -1.88438603614e-08
12.2765242621 2.64711132809e-08
12.2865287644 -1.87185119119e-08
12.2965332666 2.6632978317e-08
12.3065377689 -1.85883747313e-08
12.3165422711 2.68009050477e-08
12.3265467734 -1.84532460769e-08
12.3365512756 2.69750996821e-08
12.3465557779 -1.83129201026e-08
12.3565602801 2.71557842705e-08
12.3665647824 -1.81671760619e-08
12.3765692846 2.73431781638e-08
12.3865737869 -1.80157909041e-08
12.3965782891 2.75375240089e-08
12.4065827914 -1.78585319071e-08
12.4165872936 2.77390595808e-08
12.4265917959 -1.76951537288e-08
12.4365962981 2.79480401286e-08
12.4466008004 -1.75254059397e-08
12.4566053027 2.81647302152e-08
12.4666098049 -1.73490263275e-08
12.4766143072 2.83893958771e-08
12.4866188094 -1.71657448912e-08
12.4966233117 2.86223238117e-08
12.5066278139 -1.69752758516e-08
12.5166323162 2.88638090755e-08
12.5266368184 -1.67773304148e-08
12.5366413207 2.91141540534e-08
12.5466458229 -1.65716012062e-08
12.5566503252 2.93736747435e-08
12.5666548274 -1.63577745833e-08
12.5766593297 2.96426992085e-08
12.5866638319 -1.61355209047e-08
12.5966683342 2.99215704179e-08
12.6066728364 -1.59045021175e-08
12.6166773387 3.02106381532e-08
12.6266818409 -1.56643628475e-08
12.6366863432 3.0510271121e-08
12.6466908454 -1.54147373401e-08
12.6566953477 3.08208505966e-08
12.6666998499 -1.51552466459e-08
12.6767043522 3.11427697287e-08
12.6867088544 -1.4885490093e-08
12.6967133567 3.14764446471e-08
12.7067178589 -1.46050599333e-08
12.7167223612 3.18222953128e-08
12.7267268634 -1.43135283748e-08
12.7367313657 3.21807700163e-08
12.7467358679 -1.40104536591e-08
12.7567403702 3.2552318426e-08
12.7667448724 -1.36953820711e-08
12.7767493747 3.29374239611e-08
12.7867538769 -1.33678237747e-08
12.7967583792 3.33365767981e-08
12.8067628814 -1.30272965213e-08
12.8167673837 3.37502946481e-08
12.8267718859 -1.26732764157e-08
12.8367763882 3.4179107064e-08
12.8467808904 -1.23052343037e-08
12.8567853927 3.46235688019e-08
12.8667898949 -1.19226103786e-08
12.8767943972 3.50842519641e-08
12.8867988994 -1.15248330476e-08
12.8968034017 3.55617587148e-08
12.906807904 -1.11113034822e-08
12.9168124062 3.60566990111e-08
12.9268169085 -1.06813985753e-08
12.9368214107 3.6569718432e-08
12.946825913 -1.02344758261e-08
12.9568304152 3.71014860641e-08
12.9668349175 -9.76986689705e-09
12.9768394197 3.76526884353e-08
12.986843922 -9.28687042312e-09
12.9968484242 3.82240512988e-08
13.0068529265 -8.78476871121e-09
13.0168574287 3.88163149006e-08
13.026861931 -8.26281847758e-09
13.0368664332 3.94302544112e-08
13.0468709355 -7.72022607577e-09
13.0568754377 4.00666765873e-08
13.06687994 -7.15619792268e-09
13.0768844422 4.07264095922e-08
13.0868889445 -6.56988610762e-09
13.0968934467 4.14103237434e-08
13.106897949 -5.9604250025e-09
13.1169024512 4.21193189049e-08
13.1269069535 -5.32690487025e-09
13.1369114557 4.28543249747e-08
13.146915958 -4.66838934719e-09
13.1569204602 4.36163138001e-08
13.1669249625 -3.98390112036e-09
13.1769294647 4.44062897897e-08
13.186933967 -3.27242848126e-09
13.1969384692 4.52252969246e-08
13.2069429715 -2.53291855329e-09
13.2169474737 4.60744203358e-08
13.226951976 -1.76427935079e-09
13.2369564782 4.69547876675e-08
13.2469609805 -9.6537623558e-10
13.2569654827 4.78675596709e-08
13.266969985 -1.35031197695e-10
13.2769744872 4.88139608123e-08
13.2869789895 7.27976120543e-10
13.2969834917 4.9795240303e-08
13.306987994 1.62491980376e-09
13.3169924962 5.08127130416e-08
13.3269969985 2.55711844286e-09
13.3370015008 5.18677305669e-08
13.347006003 3.52593601338e-09
13.3570105053 5.29617044106e-08
13.3670150075 4.53279830469e-09
13.3770195098 5.40961009926e-08
13.387024012 5.57918731372e-09
13.3970285143 5.52724382397e-08
13.4070330165 6.66663137579e-09
13.4170375188 5.64922929361e-08
13.427042021 7.79672136831e-09
13.4370465233 5.77573024606e-08
13.4470510255 8.97111469258e-09
13.4570555278 5.90691654188e-08
13.46706003 1.01915252193e-08
13.4770645323 6.04296504834e-08
13.4870690345 1.14597397335e-08
13.4970735368 6.18405889967e-08
13.507078039 1.27776073934e-08
13.5170825413 6.3303884995e-08
13.5270870435 1.41470545796e-08
13.5370915458 6.48215136648e-08
13.547096048 1.5570074641e-08
13.5571005503 6.63955277126e-08
13.5671050525 1.7048744918e-08
13.5771095548 6.80280550741e-08
13.587114057 1.85852161754e-08
13.5971185593 6.97213127373e-08
13.6071230615 2.01817269972e-08
13.6171275638 7.14775917544e-08
13.627132066 2.18406014347e-08
13.6371365683 7.32992822835e-08
13.6471410705 2.35642488043e-08
13.6571455728 7.51888562196e-08
13.667150075 2.53551759816e-08
13.6771545773 7.71488868892e-08
13.6871590795 2.72159819253e-08
13.6971635818 7.91820428203e-08
13.707168084 2.91493719327e-08
13.7171725863 8.12911013407e-08
13.7271770885 3.11581495374e-08
13.7371815908 8.34789333742e-08
13.747186093 3.3245230282e-08
13.7571905953 8.57485337932e-08
13.7671950975 3.54136392578e-08
13.7771995998 8.81030054096e-08
13.7872041021 3.7666518522e-08
13.7972086043 9.05455694348e-08
13.8072131066 4.00071298657e-08
13.8172176088 9.30795741388e-08
13.8272221111 4.24388700156e-08
13.8372266133 9.57084961299e-08
13.8472311156 4.49652509098e-08
13.8572356178 9.84359446128e-08
13.8672401201 4.75899360653e-08
13.8772446223 1.01265664728e-07
13.8872491246 5.03167167717e-08
13.8972536268 1.04201552944e-07
13.9072581291 5.31495400803e-08
13.9172626313 1.07247645987e-07
13.9272671336 5.6092495557e-08
13.9372716358 1.10408138592e-07
13.9472761381 5.91498429849e-08
13.9572806403 1.13687399315e-07
13.9672851426 6.23260004117e-08
13.9772896448 1.17089948045e-07
13.9872941471 6.56255522308e-08
13.9972986493 1.20620487341e-07
14.0073031516 6.90532701264e-08
14.0173076538 1.24283898042e-07
14.0273121561 7.26140974996e-08
14.0373166583 1.28085249215e-07
14.0473211606 7.6313178884e-08
14.0573256628 1.32029806031e-07
14.0673301651 8.01558485168e-08
14.0773346673 1.36123034744e-07
14.0873391696 8.41476551937e-08
14.0973436718 1.40370613463e-07
14.1073481741 8.82943562375e-08
14.1173526763 1.44778442494e-07
14.1273571786 9.2601938062e-08
14.1373616808 1.49352641291e-07
14.1473661831 9.70766094574e-08
14.1573706853 1.54099577199e-07
14.1673751876 1.01724827314e-07
14.1773796898 1.59025847556e-07
14.1873841921 1.06553293663e-07
14.1973886943 1.64138324371e-07
14.2073931966 1.11568968401e-07
14.2173976988 1.69444121776e-07
14.2274022011 1.16779087463e-07
14.2374067034 1.74950646875e-07
14.2474112056 1.22191159966e-07
14.2574157079 1.80665584797e-07
14.2674202101 1.27812987585e-07
14.2774247124 1.86596918755e-07
14.2874292146 1.33652675723e-07
14.2974337169 1.92752941254e-07
14.3074382191 1.39718643089e-07
14.3174427214 1.99142261414e-07
14.3274472236 1.46019630201e-07
14.3374517259 2.05773828276e-07
14.3474562281 1.52564723822e-07
14.3574607304 2.12656930488e-07
14.3674652326 1.59363353578e-07
14.3774697349 2.19801215669e-07
14.3874742371 1.66425325262e-07
14.3974787394 2.27216711454e-07
14.4074832416 1.73760813079e-07
14.4174877439 2.34913826286e-07
14.4274922461 1.81380393589e-07
14.4374967484 2.42903372549e-07
14.4475012506 1.89295050001e-07
14.4575057529 2.5119658669e-07
14.4675102551 1.97516195078e-07
14.4775147574 2.59805130461e-07
14.4875192596 2.06055678862e-07
14.4975237619 2.68741131341e-07
14.5075282641 2.14925814472e-07
14.5175327664 2.78017168459e-07
14.5275372686 2.24139393768e-07
14.5375417709 2.87646324862e-07
14.5475462731 2.33709702735e-07
14.5575507754 2.97642181961e-07
14.5675552776 2.43650548883e-07
14.5775597799 3.08018850576e-07
14.5875642821 2.53976260609e-07
14.5975687844 3.18790985339e-07
14.6075732866 2.64701740876e-07
14.6175777889 3.29973812832e-07
14.6275822911 2.75842462223e-07
14.6375867934 3.41583150648e-07
14.6475912956 2.87414505201e-07
14.6575957979 3.53635430436e-07
14.6676003002 2.99434565291e-07
14.6776048024 3.66147717185e-07
14.6876093047 3.11919993302e-07
14.6976138069 3.79137746224e-07
14.7076183092 3.24888819261e-07
14.7176228114 3.92623932729e-07
14.7276273137 3.38359764005e-07
14.7376318159 4.06625418011e-07
14.7476363182 3.52352285034e-07
14.7576408204 4.21162077672e-07
14.7676453227 3.66886596411e-07
14.7776498249 4.36254564137e-07
14.7876543272 3.81983694623e-07
14.7976588294 4.51924337797e-07
14.8076633317 3.97665397885e-07
14.8176678339 4.6819368531e-07
14.8276723362 4.13954374857e-07
14.8376768384 4.8508576432e-07
14.8476813407 4.30874170574e-07
14.8576858429 5.02624634779e-07
14.8676903452 4.48449261976e-07
14.8776948474 5.20835295566e-07
14.8876993497 4.66705065618e-07
14.8977038519 5.39743715702e-07
14.9077083542 4.85667995784e-07
14.9177128564 5.59376874824e-07
14.9277173587 5.05365497819e-07
14.9377218609 5.79762810008e-07
14.9477263632 5.2582608757e-07
14.9577308654 6.00930647468e-07
14.9677353677 5.47079391257e-07
14.9777398699 6.22910644415e-07
14.9877443722 5.69156195961e-07
14.9977488744 6.45734252081e-07
15.0077533767 5.92088488503e-07
15.0177578789 6.69434137668e-07
15.0277623812 6.15909505984e-07
15.0377668834 6.94044246317e-07
15.0477713857 6.40653788012e-07
15.0577758879 7.19599849473e-07
15.0677803902 6.66357214176e-07
15.0777848924 7.46137599964e-07
15.0877893947 6.93057082002e-07
15.0977938969 7.73695573686e-07
15.1077983992 7.20792136069e-07
15.1178029015 8.02313349296e-07
15.1278074037 7.49602643691e-07
15.137811906 8.32032038106e-07
15.1478164082 7.79530447828e-07
15.1578209105 8.62894378524e-07
15.1678254127 8.1061903122e-07
15.177829915 8.94944755059e-07
15.1878344172 8.42913564986e-07
15.1978389195 9.28229308227e-07
15.2078434217 8.76461011676e-07
15.217847924 9.62795983524e-07
15.2278524262 9.1131016339e-07
15.2378569285 9.9869460362e-07
15.2478614307 9.47511732026e-07
15.257865933 1.03597694549e-06
15.2678704352 9.85118407186e-07
15.2778749375 1.07469680939e-06
15.2878794397 1.02418496245e-06
15.297883942 1.11491011315e-06
15.3078884442 1.06476830463e-06
15.3178929465 1.15667496618e-06
15.3278974487 1.10692759088e-06
15.337901951 1.20005175676e-06
15.3479064532 1.15072428897e-06
15.3579109555 1.24510324508e-06
15.3679154577 1.19622229254e-06
15.37791996 1.29189466088e-06
15.3879244622 1.24348799775e-06
15.3979289645 1.34049378953e-06
15.4079334667 1.29259042181e-06
15.417937969 1.3909710889e-06
15.4279424712 1.34360129427e-06
15.4379469735 1.44339978365e-06
15.4479514757 1.39659516094e-06
15.457955978 1.49785598158e-06
15.4679604802 1.45164951338e-06
15.4779649825 1.55441878295e-06
15.4879694847 1.5088448913e-06
15.497973987 1.6131704101e-06
15.5079784892 1.56826500733e-06
15.5179829915 1.67419631426e-06
15.5279874937 1.62999687454e-06
15.537991996 1.73758532185e-06
15.5479964982 1.69413094333e-06
15.5580010005 1.80342976364e-06
15.5680055028 1.76076122522e-06
15.578010005 1.8718256043e-06
15.5880145073 1.82998544888e-06
15.5980190095 1.94287260494e-06
15.6080235118 1.90190519877e-06
15.618028014 2.01667445456e-06
15.6280325163 1.97662608043e-06
15.6380370185 2.09333895257e-06
15.6480415208 2.05425786251e-06
15.658046023 2.17297814534e-06
15.6680505253 2.13491466783e-06
15.6780550275 2.2557085182e-06
15.6880595298 2.21871512118e-06
15.698064032 2.34165115821e-06
15.7080685343 2.30578255168e-06
15.7180730365 2.43093194797e-06
15.7280775388 2.39624517456e-06
15.738082041 2.52368175499e-06
15.7480865433 2.49023628037e-06
15.7580910455 2.62003662927e-06
15.7680955478 2.58789443952e-06
15.77810005 2.72013801423e-06
15.7881045523 2.68936373042e-06
15.7981090545 2.8241329617e-06
15.8081135568 2.79479394047e-06
15.818118059 2.93217436077e-06
15.8281225613 2.9043408056e-06
15.8381270635 3.04442116811e-06
15.8481315658 3.01816624833e-06
15.858136068 3.16103864493e-06
15.8681405703 3.1364386249e-06
15.8781450725 3.28219863664e-06
15.8881495748 3.25933298822e-06
15.898154077 3.40807981068e-06
15.9081585793 3.38703135604e-06
15.9181630815 3.53886794311e-06
15.9281675838 3.51972299047e-06
15.938172086 3.67475620499e-06
15.9481765883 3.65760469486e-06
15.9581810905 3.81594546538e-06
15.9681855928 3.80088110892e-06
15.978190095 3.96264458825e-06
15.9881945973 3.94976503971e-06
15.9981990995 4.11507077979e-06
16.0082036018 4.10447778448e-06
16.0182081041 4.27344989829e-06
16.0282126063 4.26524946466e-06
16.0382171086 4.438016828e-06
16.0482216108 4.43231941071e-06
16.0582261131 4.60901582837e-06
16.0682306153 4.60593650794e-06
16.0782351176 4.78670092815e-06
16.0882396198 4.78635959394e-06
16.0982441221 4.97133631101e-06
16.1082486243 4.9738578707e-06
16.1182531266 5.163196742e-06
16.1282576288 5.16871132044e-06
16.1382621311 5.36256797137e-06
16.1482666333 5.37121113872e-06
16.1582711356 5.56974721921e-06
16.1682756378 5.58166020279e-06
16.1782801401 5.78504361215e-06
16.1882846423 5.80037353722e-06
16.1982891446 6.00877868798e-06
16.2082936468 6.0276788145e-06
16.2182981491 6.24128688422e-06
16.2283026513 6.26391687983e-06
16.2383071536 6.482916089e-06
16.2483116558 6.50944227239e-06
16.2583161581 6.73402816842e-06
16.2683206603 6.76462380026e-06
16.2783251626 6.99499955594e-06
16.2883296648 7.02984511801e-06
16.2983341671 7.266221838e-06
16.3083386693 7.30550534004e-06
16.3183431716 7.54810238303e-06
16.3283476738 7.59201967306e-06
16.3383521761 7.84106498281e-06
16.3483566783 7.88982006941e-06
16.3583611806 8.14555053287e-06
16.3683656828 8.19935593551e-06
16.3783701851 8.46201774401e-06
16.3883746873 8.52109484089e-06
16.3983791896 8.79094386331e-06
16.4083836918 8.85552325061e-06
16.4183881941 9.13282543294e-06
16.4283926963 9.2031473363e-06
16.4383971986 9.48817911404e-06
16.4484017009 9.56449376133e-06
16.4584062031 9.8575424887e-06
16.4684107054 9.94011054861e-06
16.4784152076 1.02414749404e-05
16.4884197099 1.03305679475e-05
16.4984242121 1.06405585576e-05
16.5084287144 1.07364593809e-05
16.5184332166 1.10553990763e-05
16.5284377189 1.11584023813e-05
16.5384422211 1.14866268562e-05
16.5484467234 1.15970396047e-05
16.5584512256 1.19348979076e-05
16.5684557279 1.20530398772e-05
16.5784602301 1.24008949601e-05
16.5884647324 1.25270992797e-05
16.5984692346 1.28853285762e-05
16.6084737369 1.30199422909e-05
16.6184782391 1.33889383102e-05
16.6284827414 1.35323229681e-05
16.6384872436 1.39124939285e-05
16.6484917459 1.40650261902e-05
16.6584962481 1.44567966637e-05
16.6685007504 1.46188689389e-05
16.6785052526 1.50226805371e-05
16.6885097549 1.51947016604e-05
16.6985142571 1.56110137391e-05
16.7085187594 1.57934096537e-05
16.7185232616 1.62227000576e-05
16.7285277639 1.64159145529e-05
16.7385322661 1.6858680384e-05
16.7485367684 1.7063175842e-05
16.7585412706 1.75199342723e-05
16.7685457729 1.77361924647e-05
16.7785502751 1.82074815709e-05
16.7885547774 1.84360044853e-05
16.7985592796 1.89223841292e-05
16.8085637819 1.91636948248e-05
16.8185682841 1.96657475752e-05
16.8285727864 1.99203910914e-05
16.8385772886 2.0438723169e-05
16.8485817909 2.07072674576e-05
16.8585862931 2.12425097487e-05
16.8685907954 2.15255466562e-05
16.8785952976 2.20783557438e-05
16.8885997999 2.23765020429e-05
16.8986043022 2.29475613002e-05
16.9086088044 2.32614597495e-05
16.9186133067 2.38514804814e-05
16.9286178089 2.41818009531e-05
16.9386223112 2.47915235804e-05
16.9486268134 2.51389642203e-05
16.9586313157 2.57691595137e-05
16.9686358179 2.61344479697e-05
16.9786403202 2.67859183684e-05
16.9886448224 2.71698130643e-05
16.9986493247 2.7843393999e-05
17.0086538269 2.82466854483e-05
17.0186583292 2.89432467861e-05
17.0286628314 2.93667590233e-05
17.0386673337 3.00872065268e-05
17.0486718359 3.05317985288e-05
17.0586763382 3.12770754157e-05
17.0686808404 3.17436426415e-05
17.0786853427 3.25147311898e-05
17.0886898449 3.30042071631e-05
17.0986943472 3.38021304096e-05
17.1086988494 3.43154883902e-05
17.1187033517 3.51413118916e-05
17.1287078539 3.56795666104e-05
17.1387123562 3.65344002918e-05
17.1487168584 3.70986097776e-05
17.1587213607 3.79836098693e-05
17.1687258629 3.85748773408e-05
17.1787303652 3.9491248392e-05
17.1887348674 4.01107242727e-05
17.1987393697 4.10597212691e-05
17.2087438719 4.17086052409e-05
17.2187483742 4.2691535823e-05
17.2287528764 4.33710790356e-05
17.2387573787 4.43893058067e-05
17.2487618809 4.51008131461e-05
17.2587663832 4.61557560966e-05
17.2687708854 4.69005885838e-05
17.2787753877 4.79937276322e-05
17.2887798899 4.87733049199e-05
17.2987843922 4.99061825676e-05
17.3087888944 5.07219855647e-05
17.3187933967 5.18962096774e-05
17.3287978989 5.27497832896e-05
17.3388024012 5.39670300089e-05
17.3488069035 5.48599860247e-05
17.3588114057 5.61220028211e-05
17.368815908 5.70560229178e-05
17.3788204102 5.83646317939e-05
17.3888249125 5.93414706902e-05
17.3988294147 6.06985715232e-05
17.408833917 6.17200603011e-05
17.4188384192 6.3127634362e-05
17.4288429215 6.41956839233e-05
17.4388474237 6.56557975546e-05
17.448851926 6.67724022678e-05
17.4588564282 6.82872107455e-05
17.4688609305 6.94544522558e-05
17.4788654327 7.10262038419e-05
17.488869935 7.22462550704e-05
17.4988744372 7.38772952618e-05
17.5088789395 7.51524246086e-05
17.5188834417 7.68452005873e-05
17.528887944 7.81777763324e-05
17.5388924462 7.99348416497e-05
17.5488969485 8.13273365792e-05
17.5589014507 8.31513560588e-05
17.568905953 8.46063523216e-05
17.5789104552 8.65001072385e-05
17.5889149575 8.80203014321e-05
17.5989194597 8.99866948731e-05
17.608923962 9.15749033984e-05
17.6189284642 9.36169660161e-05
17.6289329665 9.52761307313e-05
17.6389374687 9.73970266761e-05
17.648941971 9.91302207652e-05
17.6589464732 0.000101333253987
17.6689509755 0.0001031436882
17.6789554777 0.000105432309036
17.68895998 0.000107323338214
17.6989644822 0.00010970115035
17.7089689845 0.000111676280288
17.7189734867 0.000114147048046
17.728977989 0.00011620994274
17.7389824912 0.000118777598784
17.7489869935 0.000120932088009
17.7589914957 0.000123600741412
17.768995998 0.000125850828755
17.7790005003 0.000128624773533
17.7890050025 0.000130974644804
17.7990095048 0.000133858368878
17.809014007 0.000136312401
17.8190185093 0.000139310595655
17.8290230115 0.00014187336601
17.8390275138 0.00014499093584
17.849032016 0.000147667232142
17.8590365183 0.000150909305559
17.8690410205 0.00015370413623
17.8790455228 0.000157076076546
17.889050025 0.000159994681698
17.8990545273 0.000163502098782
17.9090590295 0.000166549961784
17.9190635318 0.000170198724413
17.929068034 0.000173381584093
17.9390725363 0.000177177832961
17.9490770385 0.000180501696505
17.9590815408 0.000184451857974
17.969086043 0.000187923014544
17.9790905453 0.000192033815171
17.9890950475 0.000195658850296
17.9990995498 0.000199937332186
18.009104052 0.000203723142985
18.0191085543 0.000208176680041
18.0291130565 0.000212130491305
18.0391175588 0.00021676680641
18.049122061 0.000220896187638
18.0591265633 0.00022572337084
18.0691310655 0.000230036254262
18.0791355678 0.000235062782042
18.08914007 0.000239567481713
18.0991445723 0.000244802237389
18.1091490745 0.000249507469415
18.1191535768 0.000254959764793
18.129158079 0.000259874668792
18.1391625813 0.000265554267091
18.1491670835 0.000270688428928
18.1591715858 0.000276605569161
18.169176088 0.000281969045108
18.1791805903 0.000288134467914
18.1891850925 0.000293737810268
18.1991895948 0.000300162785388
18.209194097 0.000306017069746
18.2191985993 0.00031271342525
18.2292031016 0.000318830279447
18.2392076038 0.000325810432754
18.2492121061 0.000332202067678
18.2592166083 0.000339479058642
18.2692211106 0.000346158301037
18.2792256128 0.000353745827151
18.2892301151 0.00036072615454
18.2992346173 0.000368638608453
18.3092391196 0.000375934186385
18.3192436218 0.000384186695938
18.3292481241 0.0003918124177
18.3392526263 0.000400420888615
18.3492571286 0.000408392417623
18.3592616308 0.000417373579143
18.3692661331 0.000425707394235
18.3792706353 0.000435078847876
18.3892751376 0.000443792291722
18.3992796398 0.000453572563435
18.4092841421 0.000462683894346
18.4192886443 0.000472892490371
18.4292931466 0.000482420937769
18.4392976488 0.000493078404485
18.4493021511 0.000503044228354
18.4593066533 0.000514172216461
18.4693111556 0.000524596771135
18.4793156578 0.000536218104568
18.4893201601 0.000547123907211
18.4993246623 0.000559262657191
18.5093291646 0.000570673461421
18.5193336668 0.000583355026105
18.5293381691 0.000595295901183
18.5393426713 0.000608547091439
18.5493471736 0.0006210445076
18.5593516758 0.000634893639458
18.5693561781 0.000647975559883
18.5793606803 0.000662452554323
18.5893651826 0.000676148534446
18.5993696848 0.000691285025198
18.6093741871 0.000705626320041
18.6193786893 0.000721455770199
18.6293831916 0.000736475450511
18.6393876938 0.000753033278858
18.6493921961 0.000768766356966
18.6593966983 0.000786090074962
18.6694012006 0.000802573641317
18.6794057029 0.000820703001886
18.6894102051 0.000837976373415
18.6994147074 0.00085695353273
18.7094192096 0.000875058414262
18.7194237119 0.000894928107995
18.7294282141 0.000913908768124
18.7394327164 0.000934718503643
18.7494372186 0.000954621966738
18.7594417209 0.000976422233134
18.7694462231 0.000997298489114
18.7794507254 0.00102014298698
18.7894552276 0.00104204522108
18.7994597299 0.00106599111437
18.8094642321 0.00108897595909
18.8194687344 0.00111408415164
18.8294732366 0.00113821196351
18.8394777389 0.0011645474032
18.8494822411 0.00118988256743
18.8594867434 0.00121751458125
18.8694912456 0.00124412584762
18.8794957479 0.00127312851158
18.8895002501 0.00130108936545
18.8995047524 0.00133154191369
18.9095092546 0.00136093098663
18.9195137569 0.00139291826469
18.9295182591 0.00142381978981
18.9395227614 0.00145743275789
18.9495272636 0.00148993707573
18.9595317659 0.0015252733685
18.9695362681 0.00155947749022
18.9795407704 0.00159664204084
18.9895452726 0.00163265027646
18.9995497749 0.00167175601351
19.0095542771 0.00170968067412
19.0195587794 0.00175084930164
19.0295632816 0.0017908114859
19.0395677839 0.00183417435814
19.0495722861 0.00187630483499
19.0595767884 0.00192200393949
19.0695812906 0.00196644414077
19.0795857929 0.00201463320541
19.0895902951 0.00206153634454
19.0995947974 0.00211238208672
19.1095992996 0.0021619144217
19.1196038019 0.00221559796087
19.1296083042 0.00226794022338
19.1396128064 0.00232465868151
19.1496173087 0.0023800076969
19.1596218109 0.00243997601553
19.1696263132 0.00249854654301
19.1796308154 0.00256199955046
19.1896353177 0.00262402637731
19.1996398199 0.00269122114515
19.2096443222 0.00275696147479
19.2196488244 0.0028281800095
19.2296533267 0.00289791618976
19.2396578289 0.00297346851353
19.2496623312 0.00304751115978
19.2596668334 0.00312773884396
19.2696713357 0.00320643042111
19.2796758379 0.00329171064759
19.2896803402 0.00337542958693
19.2996848424 0.0034661798266
19.3096893447 0.00355534526764
19.3196938469 0.00365202868288
19.3296983492 0.00374710594774
19.3397028514 0.00385023764758
19.3497073537 0.00395174457828
19.3597118559 0.00406189888284
19.3697163582 0.00417041320028
19.3797208604 0.0042882321079
19.3897253627 0.0044043999895
19.3997298649 0.0045306030885
19.4097343672 0.00465514921373
19.4197388694 0.00479054534841
19.4297433717 0.00492428473369
19.4397478739 0.00506978582951
19.4497523762 0.00521363787993
19.4597568784 0.00537027547133
19.4697613807 0.00552528083202
19.4797658829 0.00569422604289
19.4897703852 0.00586156707024
19.4997748874 0.00604415511212
19.5097793897 0.00622518115242
19.5197838919 0.00642294189392
19.5297883942 0.00661920113548
19.5397928964 0.006833898066
19.5497973987 0.00704717865364
19.559801901 0.00728085979159
19.5698064032 0.00751324437836
19.5798109055 0.00776831064734
19.5898154077 0.00802225096843
19.59981991 0.00830155076232
19.6098244122 0.00857997274465
19.6198289145 0.00888693660871
19.6298334167 0.00919339295911
19.639837919 0.00953223082544
19.6498424212 0.00987112858799
19.6598469235 0.0102471259594
19.6698514257 0.0106240738707
19.679855928 0.01104404628
19.6898604302 0.0114663952834
19.6998649325 0.0119393981062
19.7098694347 0.0124170953755
19.719873937 0.0129555483045
19.7298784392 0.0135025025429
19.7398829415 0.0141239907363
19.7498874437 0.0147602740484
19.759891946 0.0154904576789
19.7698964482 0.0162458793259
19.7799009505 0.0171232240561
19.7899054527 0.0180431569063
19.799909955 0.0191266632591
19.8099144572 0.0202815711021
19.8199189595 0.0216634542326
19.8299234617 0.0231644966223
19.839927964 0.0249910594575
19.8499324662 0.0270156600638
19.8599369685 0.0295217775186
19.8699414707 0.0323554601245
19.879945973 0.0359218203746
19.8899504752 0.0400263535548
19.8999549775 0.0452752625086
19.9099594797 0.0513983035304
19.919963982 0.0593570506533
19.9299684842 0.0687019974034
19.9399729865 0.0810968182989
19.9499774887 0.0955442523101
19.959981991 0.115446371474
19.9699864932 0.137391161367
19.9799909955 0.172689541724
19.9899954977 0.170628471335
20.0 0.140908089784
